 Iin        Zin
 1.000E-09  9.417E+05
 1.023E-09  9.310E+05
 1.047E-09  9.049E+05
 1.072E-09  8.794E+05
 1.096E-09  8.547E+05
 1.122E-09  8.306E+05
 1.148E-09  8.117E+05
 1.175E-09  7.889E+05
 1.202E-09  7.665E+05
 1.230E-09  7.491E+05
 1.259E-09  7.280E+05
 1.288E-09  7.073E+05
 1.318E-09  6.912E+05
 1.349E-09  6.717E+05
 1.380E-09  6.489E+05
 1.413E-09  6.341E+05
 1.445E-09  6.197E+05
 1.479E-09  6.021E+05
 1.514E-09  5.850E+05
 1.549E-09  5.683E+05
 1.585E-09  5.553E+05
 1.622E-09  5.395E+05
 1.660E-09  5.241E+05
 1.698E-09  5.122E+05
 1.738E-09  4.976E+05
 1.778E-09  4.833E+05
 1.820E-09  4.723E+05
 1.862E-09  4.588E+05
 1.905E-09  4.456E+05
 1.950E-09  4.355E+05
 1.995E-09  4.256E+05
 2.042E-09  4.134E+05
 2.089E-09  4.014E+05
 2.138E-09  3.899E+05
 2.188E-09  3.786E+05
 2.239E-09  3.700E+05
 2.291E-09  3.616E+05
 2.344E-09  3.512E+05
 2.399E-09  3.410E+05
 2.455E-09  3.333E+05
 2.512E-09  3.257E+05
 2.570E-09  3.163E+05
 2.630E-09  3.071E+05
 2.692E-09  2.982E+05
 2.754E-09  2.913E+05
 2.818E-09  2.848E+05
 2.884E-09  2.765E+05
 2.951E-09  2.684E+05
 3.020E-09  2.606E+05
 3.090E-09  2.547E+05
 3.162E-09  2.489E+05
 3.236E-09  2.432E+05
 3.311E-09  2.361E+05
 3.388E-09  2.292E+05
 3.467E-09  2.225E+05
 3.548E-09  2.174E+05
 3.631E-09  2.125E+05
 3.715E-09  2.062E+05
 3.802E-09  2.015E+05
 3.890E-09  1.956E+05
 3.981E-09  1.899E+05
 4.074E-09  1.856E+05
 4.169E-09  1.813E+05
 4.266E-09  1.760E+05
 4.365E-09  1.720E+05
 4.467E-09  1.681E+05
 4.571E-09  1.620E+05
 4.677E-09  1.583E+05
 4.786E-09  1.547E+05
 4.898E-09  1.501E+05
 5.012E-09  1.467E+05
 5.129E-09  1.434E+05
 5.248E-09  1.391E+05
 5.370E-09  1.350E+05
 5.495E-09  1.319E+05
 5.623E-09  1.289E+05
 5.754E-09  1.251E+05
 5.888E-09  1.222E+05
 6.026E-09  1.194E+05
 6.166E-09  1.159E+05
 6.310E-09  1.124E+05
 6.457E-09  1.098E+05
 6.607E-09  1.074E+05
 6.761E-09  1.041E+05
 6.918E-09  1.018E+05
 7.079E-09  9.874E+04
 7.244E-09  9.647E+04
 7.413E-09  9.429E+04
 7.586E-09  9.146E+04
 7.762E-09  8.938E+04
 7.943E-09  8.670E+04
 8.128E-09  8.471E+04
 8.318E-09  8.279E+04
 8.511E-09  8.029E+04
 8.710E-09  7.847E+04
 8.913E-09  7.668E+04
 9.120E-09  7.437E+04
 9.333E-09  7.212E+04
 9.550E-09  7.101E+04
 9.772E-09  6.889E+04
 1.000E-08  6.678E+04
 1.023E-08  6.577E+04
 1.047E-08  6.379E+04
 1.072E-08  6.185E+04
 1.096E-08  6.044E+04
 1.122E-08  5.906E+04
 1.148E-08  5.772E+04
 1.175E-08  5.597E+04
 1.202E-08  5.469E+04
 1.230E-08  5.345E+04
 1.259E-08  5.182E+04
 1.288E-08  5.064E+04
 1.318E-08  4.910E+04
 1.349E-08  4.797E+04
 1.380E-08  4.689E+04
 1.413E-08  4.545E+04
 1.445E-08  4.442E+04
 1.479E-08  4.340E+04
 1.514E-08  4.242E+04
 1.549E-08  4.112E+04
 1.585E-08  4.018E+04
 1.622E-08  3.927E+04
 1.660E-08  3.806E+04
 1.698E-08  3.719E+04
 1.738E-08  3.635E+04
 1.778E-08  3.523E+04
 1.820E-08  3.442E+04
 1.862E-08  3.365E+04
 1.905E-08  3.261E+04
 1.950E-08  3.186E+04
 1.995E-08  3.114E+04
 2.042E-08  3.043E+04
 2.089E-08  2.949E+04
 2.138E-08  2.882E+04
 2.188E-08  2.816E+04
 2.239E-08  2.729E+04
 2.291E-08  2.667E+04
 2.344E-08  2.606E+04
 2.399E-08  2.547E+04
 2.455E-08  2.468E+04
 2.512E-08  2.411E+04
 2.570E-08  2.357E+04
 2.630E-08  2.283E+04
 2.692E-08  2.231E+04
 2.754E-08  2.181E+04
 2.818E-08  2.131E+04
 2.884E-08  2.082E+04
 2.951E-08  2.035E+04
 3.020E-08  1.972E+04
 3.090E-08  1.910E+04
 3.162E-08  1.883E+04
 3.236E-08  1.840E+04
 3.311E-08  1.798E+04
 3.388E-08  1.788E+04
 3.467E-08  1.791E+04
 3.548E-08  1.795E+04
 3.631E-08  1.782E+04
 3.715E-08  1.770E+04
 3.802E-08  1.770E+04
 3.890E-08  1.770E+04
 3.981E-08  1.756E+04
 4.074E-08  1.754E+04
 4.169E-08  1.751E+04
 4.266E-08  1.735E+04
 4.365E-08  1.731E+04
 4.467E-08  1.738E+04
 4.571E-08  1.733E+04
 4.677E-08  1.716E+04
 4.786E-08  1.709E+04
 4.898E-08  1.712E+04
 5.012E-08  1.704E+04
 5.129E-08  1.696E+04
 5.248E-08  1.697E+04
 5.370E-08  1.687E+04
 5.495E-08  1.677E+04
 5.623E-08  1.666E+04
 5.754E-08  1.664E+04
 5.888E-08  1.662E+04
 6.026E-08  1.650E+04
 6.166E-08  1.646E+04
 6.310E-08  1.633E+04
 6.457E-08  1.628E+04
 6.607E-08  1.622E+04
 6.761E-08  1.616E+04
 6.918E-08  1.609E+04
 7.079E-08  1.601E+04
 7.244E-08  1.594E+04
 7.413E-08  1.585E+04
 7.586E-08  1.577E+04
 7.762E-08  1.567E+04
 7.943E-08  1.564E+04
 8.128E-08  1.554E+04
 8.318E-08  1.544E+04
 8.511E-08  1.533E+04
 8.710E-08  1.528E+04
 8.913E-08  1.522E+04
 9.120E-08  1.510E+04
 9.333E-08  1.503E+04
 9.550E-08  1.496E+04
 9.772E-08  1.489E+04
 1.000E-07  1.476E+04
 1.023E-07  1.467E+04
 1.047E-07  1.463E+04
 1.072E-07  1.449E+04
 1.096E-07  1.440E+04
 1.122E-07  1.430E+04
 1.148E-07  1.420E+04
 1.175E-07  1.414E+04
 1.202E-07  1.404E+04
 1.230E-07  1.393E+04
 1.259E-07  1.386E+04
 1.288E-07  1.374E+04
 1.318E-07  1.363E+04
 1.349E-07  1.355E+04
 1.380E-07  1.346E+04
 1.413E-07  1.338E+04
 1.445E-07  1.325E+04
 1.479E-07  1.316E+04
 1.514E-07  1.307E+04
 1.549E-07  1.294E+04
 1.585E-07  1.284E+04
 1.622E-07  1.274E+04
 1.660E-07  1.266E+04
 1.698E-07  1.256E+04
 1.738E-07  1.242E+04
 1.778E-07  1.234E+04
 1.820E-07  1.223E+04
 1.862E-07  1.212E+04
 1.905E-07  1.204E+04
 1.950E-07  1.192E+04
 1.995E-07  1.181E+04
 2.042E-07  1.171E+04
 2.089E-07  1.160E+04
 2.138E-07  1.148E+04
 2.188E-07  1.141E+04
 2.239E-07  1.129E+04
 2.291E-07  1.119E+04
 2.344E-07  1.109E+04
 2.399E-07  1.096E+04
 2.455E-07  1.086E+04
 2.512E-07  1.076E+04
 2.570E-07  1.065E+04
 2.630E-07  1.055E+04
 2.692E-07  1.044E+04
 2.754E-07  1.034E+04
 2.818E-07  1.023E+04
 2.884E-07  1.012E+04
 2.951E-07  1.002E+04
 3.020E-07  9.908E+03
 3.090E-07  9.817E+03
 3.162E-07  9.724E+03
 3.236E-07  9.615E+03
 3.311E-07  9.490E+03
 3.388E-07  9.396E+03
 3.467E-07  9.302E+03
 3.548E-07  9.207E+03
 3.631E-07  9.112E+03
 3.715E-07  8.988E+03
 3.802E-07  8.892E+03
 3.890E-07  8.809E+03
 3.981E-07  8.700E+03
 4.074E-07  8.603E+03
 4.169E-07  8.507E+03
 4.266E-07  8.398E+03
 4.365E-07  8.314E+03
 4.467E-07  8.217E+03
 4.571E-07  8.121E+03
 4.677E-07  8.025E+03
 4.786E-07  7.928E+03
 4.898E-07  7.843E+03
 5.012E-07  7.747E+03
 5.129E-07  7.662E+03
 5.248E-07  7.566E+03
 5.370E-07  7.471E+03
 5.495E-07  7.395E+03
 5.623E-07  7.301E+03
 5.754E-07  7.206E+03
 5.888E-07  7.130E+03
 6.026E-07  7.045E+03
 6.166E-07  6.960E+03
 6.310E-07  6.876E+03
 6.457E-07  6.784E+03
 6.607E-07  6.707E+03
 6.761E-07  6.631E+03
 6.918E-07  6.548E+03
 7.079E-07  6.472E+03
 7.244E-07  6.389E+03
 7.413E-07  6.313E+03
 7.586E-07  6.238E+03
 7.762E-07  6.162E+03
 7.943E-07  6.094E+03
 8.128E-07  6.019E+03
 8.318E-07  5.944E+03
 8.511E-07  5.870E+03
 8.710E-07  5.801E+03
 8.913E-07  5.733E+03
 9.120E-07  5.665E+03
 9.333E-07  5.603E+03
 9.550E-07  5.535E+03
 9.772E-07  5.467E+03
 1.000E-06  5.405E+03
 1.023E-06  5.348E+03
 1.047E-06  5.285E+03
 1.072E-06  5.223E+03
 1.096E-06  5.170E+03
 1.122E-06  5.112E+03
 1.148E-06  5.055E+03
 1.175E-06  5.001E+03
 1.202E-06  4.952E+03
 1.230E-06  4.907E+03
 1.259E-06  4.861E+03
 1.288E-06  4.814E+03
 1.318E-06  4.771E+03
 1.349E-06  4.740E+03
 1.380E-06  4.710E+03
 1.413E-06  4.684E+03
 1.445E-06  4.667E+03
 1.479E-06  4.658E+03
 1.514E-06  4.668E+03
 1.549E-06  4.702E+03
 1.585E-06  4.762E+03
 1.622E-06  4.880E+03
 1.660E-06  5.095E+03
 1.698E-06  5.505E+03
 1.738E-06  6.400E+03
 1.778E-06  8.751E+03
 1.820E-06  1.595E+04
 1.862E-06  3.742E+04 
 1.905E-06  9.902E+04
 1.950E-06  2.667E+05
 1.995E-06  5.154E+05
 2.042E-06  6.882E+05
 2.089E-06  7.488E+05
 2.138E-06  7.690E+05
 2.188E-06  7.772E+05
 2.239E-06  7.807E+05
 2.291E-06  7.821E+05
 2.344E-06  7.827E+05
 2.399E-06  7.829E+05
 2.455E-06  7.829E+05
 2.512E-06  7.829E+05
 2.570E-06  7.829E+05
 2.630E-06  7.829E+05
 2.692E-06  7.829E+05
 2.754E-06  7.829E+05
 2.818E-06  7.829E+05
 2.884E-06  7.829E+05
 2.951E-06  7.829E+05
 3.020E-06  7.829E+05
 3.090E-06  7.829E+05
 3.162E-06  7.829E+05
 3.236E-06  7.829E+05
 3.311E-06  7.829E+05
 3.388E-06  7.829E+05
 3.467E-06  7.829E+05
 3.548E-06  7.829E+05
 3.631E-06  7.829E+05
 3.715E-06  7.829E+05
 3.802E-06  7.829E+05
 3.890E-06  7.829E+05
 3.981E-06  7.829E+05
 4.074E-06  7.829E+05
 4.169E-06  7.829E+05
 4.266E-06  7.829E+05
 4.365E-06  7.829E+05
 4.467E-06  7.829E+05
 4.571E-06  7.829E+05
 4.677E-06  7.829E+05
 4.786E-06  7.829E+05
 4.898E-06  7.829E+05
 5.012E-06  7.829E+05
 5.129E-06  7.829E+05
 5.248E-06  7.829E+05
 5.370E-06  7.829E+05
 5.495E-06  7.828E+05
 5.623E-06  7.828E+05
 5.754E-06  7.828E+05
 5.888E-06  7.828E+05
 6.026E-06  7.828E+05
 6.166E-06  7.828E+05
 6.310E-06  7.828E+05
 6.457E-06  7.828E+05
 6.607E-06  7.828E+05
 6.761E-06  7.828E+05
 6.918E-06  7.828E+05
 7.079E-06  7.828E+05
 7.244E-06  7.828E+05
 7.413E-06  7.828E+05
 7.586E-06  7.828E+05
 7.762E-06  7.827E+05
 7.943E-06  7.827E+05
 8.128E-06  7.827E+05
 8.318E-06  7.827E+05
 8.511E-06  7.827E+05
 8.710E-06  7.827E+05
 8.913E-06  7.827E+05
 9.120E-06  7.827E+05
 9.333E-06  7.827E+05
 9.550E-06  7.827E+05
 9.772E-06  7.827E+05
 1.000E-05  7.827E+05
