amps        rds          id
                                
1.0000e-09    1.700e+09    1.000e-09
1.0233e-09    1.661e+09    1.023e-09
1.0471e-09    1.623e+09    1.047e-09
1.0715e-09    1.586e+09    1.072e-09
1.0965e-09    1.550e+09    1.096e-09
1.1220e-09    1.515e+09    1.122e-09
1.1482e-09    1.480e+09    1.148e-09
1.1749e-09    1.446e+09    1.175e-09
1.2023e-09    1.414e+09    1.202e-09
1.2303e-09    1.381e+09    1.230e-09
1.2589e-09    1.350e+09    1.259e-09
1.2882e-09    1.319e+09    1.288e-09
1.3183e-09    1.289e+09    1.318e-09
1.3490e-09    1.260e+09    1.349e-09
1.3804e-09    1.231e+09    1.380e-09
1.4125e-09    1.203e+09    1.413e-09
1.4454e-09    1.176e+09    1.445e-09
1.4791e-09    1.149e+09    1.479e-09
1.5136e-09    1.123e+09    1.514e-09
1.5488e-09    1.097e+09    1.549e-09
1.5849e-09    1.072e+09    1.585e-09
1.6218e-09    1.048e+09    1.622e-09
1.6596e-09    1.024e+09    1.660e-09
1.6982e-09    1.001e+09    1.698e-09
1.7378e-09    9.782e+08    1.738e-09
1.7783e-09    9.559e+08    1.778e-09
1.8197e-09    9.342e+08    1.820e-09
1.8621e-09    9.129e+08    1.862e-09
1.9055e-09    8.921e+08    1.905e-09
1.9498e-09    8.718e+08    1.950e-09
1.9953e-09    8.520e+08    1.995e-09
2.0417e-09    8.326e+08    2.042e-09
2.0893e-09    8.136e+08    2.089e-09
2.1380e-09    7.951e+08    2.138e-09
2.1878e-09    7.770e+08    2.188e-09
2.2387e-09    7.593e+08    2.239e-09
2.2909e-09    7.420e+08    2.291e-09
2.3442e-09    7.251e+08    2.344e-09
2.3988e-09    7.086e+08    2.399e-09
2.4547e-09    6.925e+08    2.455e-09
2.5119e-09    6.767e+08    2.512e-09
2.5704e-09    6.613e+08    2.570e-09
2.6303e-09    6.463e+08    2.630e-09
2.6915e-09    6.316e+08    2.692e-09
2.7542e-09    6.172e+08    2.754e-09
2.8184e-09    6.031e+08    2.818e-09
2.8840e-09    5.894e+08    2.884e-09
2.9512e-09    5.760e+08    2.951e-09
3.0200e-09    5.629e+08    3.020e-09
3.0903e-09    5.501e+08    3.090e-09
3.1623e-09    5.375e+08    3.162e-09
3.2359e-09    5.253e+08    3.236e-09
3.3113e-09    5.133e+08    3.311e-09
3.3884e-09    5.017e+08    3.388e-09
3.4674e-09    4.902e+08    3.467e-09
3.5481e-09    4.791e+08    3.548e-09
3.6308e-09    4.682e+08    3.631e-09
3.7154e-09    4.575e+08    3.715e-09
3.8019e-09    4.471e+08    3.802e-09
3.8905e-09    4.369e+08    3.890e-09
3.9811e-09    4.270e+08    3.981e-09
4.0738e-09    4.173e+08    4.074e-09
4.1687e-09    4.078e+08    4.169e-09
4.2658e-09    3.985e+08    4.266e-09
4.3652e-09    3.894e+08    4.365e-09
4.4668e-09    3.805e+08    4.467e-09
4.5709e-09    3.719e+08    4.571e-09
4.6774e-09    3.634e+08    4.677e-09
4.7863e-09    3.551e+08    4.786e-09
4.8978e-09    3.471e+08    4.898e-09
5.0119e-09    3.391e+08    5.012e-09
5.1286e-09    3.314e+08    5.129e-09
5.2481e-09    3.239e+08    5.248e-09
5.3703e-09    3.165e+08    5.370e-09
5.4954e-09    3.093e+08    5.495e-09
5.6234e-09    3.023e+08    5.623e-09
5.7544e-09    2.954e+08    5.754e-09
5.8884e-09    2.887e+08    5.888e-09
6.0256e-09    2.821e+08    6.026e-09
6.1660e-09    2.757e+08    6.166e-09
6.3096e-09    2.694e+08    6.310e-09
6.4565e-09    2.633e+08    6.457e-09
6.6069e-09    2.573e+08    6.607e-09
6.7608e-09    2.514e+08    6.761e-09
6.9183e-09    2.457e+08    6.918e-09
7.0795e-09    2.401e+08    7.079e-09
7.2444e-09    2.346e+08    7.244e-09
7.4131e-09    2.293e+08    7.413e-09
7.5858e-09    2.241e+08    7.586e-09
7.7625e-09    2.190e+08    7.762e-09
7.9433e-09    2.140e+08    7.943e-09
8.1283e-09    2.091e+08    8.128e-09
8.3176e-09    2.043e+08    8.318e-09
8.5114e-09    1.997e+08    8.511e-09
8.7096e-09    1.951e+08    8.710e-09
8.9125e-09    1.907e+08    8.913e-09
9.1201e-09    1.864e+08    9.120e-09
9.3325e-09    1.821e+08    9.333e-09
9.5499e-09    1.780e+08    9.550e-09
9.7724e-09    1.739e+08    9.772e-09
1.0000e-08    1.700e+08    1.000e-08
1.0233e-08    1.661e+08    1.023e-08
1.0471e-08    1.623e+08    1.047e-08
1.0715e-08    1.586e+08    1.072e-08
1.0965e-08    1.550e+08    1.096e-08
1.1220e-08    1.515e+08    1.122e-08
1.1482e-08    1.480e+08    1.148e-08
1.1749e-08    1.446e+08    1.175e-08
1.2023e-08    1.414e+08    1.202e-08
1.2303e-08    1.381e+08    1.230e-08
1.2589e-08    1.350e+08    1.259e-08
1.2882e-08    1.319e+08    1.288e-08
1.3183e-08    1.289e+08    1.318e-08
1.3490e-08    1.260e+08    1.349e-08
1.3804e-08    1.231e+08    1.380e-08
1.4125e-08    1.203e+08    1.413e-08
1.4454e-08    1.176e+08    1.445e-08
1.4791e-08    1.149e+08    1.479e-08
1.5136e-08    1.123e+08    1.514e-08
1.5488e-08    1.097e+08    1.549e-08
1.5849e-08    1.072e+08    1.585e-08
1.6218e-08    1.048e+08    1.622e-08
1.6596e-08    1.024e+08    1.660e-08
1.6982e-08    1.001e+08    1.698e-08
1.7378e-08    9.782e+07    1.738e-08
1.7783e-08    9.559e+07    1.778e-08
1.8197e-08    9.342e+07    1.820e-08
1.8621e-08    9.129e+07    1.862e-08
1.9055e-08    8.921e+07    1.905e-08
1.9498e-08    8.718e+07    1.950e-08
1.9953e-08    8.520e+07    1.995e-08
2.0417e-08    8.326e+07    2.042e-08
2.0893e-08    8.136e+07    2.089e-08
2.1380e-08    7.951e+07    2.138e-08
2.1878e-08    7.770e+07    2.188e-08
2.2387e-08    7.593e+07    2.239e-08
2.2909e-08    7.420e+07    2.291e-08
2.3442e-08    7.251e+07    2.344e-08
2.3988e-08    7.086e+07    2.399e-08
2.4547e-08    6.925e+07    2.455e-08
2.5119e-08    6.767e+07    2.512e-08
2.5704e-08    6.613e+07    2.570e-08
2.6303e-08    6.463e+07    2.630e-08
2.6915e-08    6.316e+07    2.692e-08
2.7542e-08    6.172e+07    2.754e-08
2.8184e-08    6.031e+07    2.818e-08
2.8840e-08    5.894e+07    2.884e-08
2.9512e-08    5.760e+07    2.951e-08
3.0200e-08    5.629e+07    3.020e-08
3.0903e-08    5.501e+07    3.090e-08
3.1623e-08    5.375e+07    3.162e-08
3.2359e-08    5.253e+07    3.236e-08
3.3113e-08    5.133e+07    3.311e-08
3.3884e-08    5.017e+07    3.388e-08
3.4674e-08    4.902e+07    3.467e-08
3.5481e-08    4.791e+07    3.548e-08
3.6308e-08    4.682e+07    3.631e-08
3.7154e-08    4.575e+07    3.715e-08
3.8019e-08    4.471e+07    3.802e-08
3.8905e-08    4.369e+07    3.890e-08
3.9811e-08    4.270e+07    3.981e-08
4.0738e-08    4.173e+07    4.074e-08
4.1687e-08    4.078e+07    4.169e-08
4.2658e-08    3.985e+07    4.266e-08
4.3652e-08    3.894e+07    4.365e-08
4.4668e-08    3.805e+07    4.467e-08
4.5709e-08    3.719e+07    4.571e-08
4.6774e-08    3.634e+07    4.677e-08
4.7863e-08    3.551e+07    4.786e-08
4.8978e-08    3.471e+07    4.898e-08
5.0119e-08    3.391e+07    5.012e-08
5.1286e-08    3.314e+07    5.129e-08
5.2481e-08    3.239e+07    5.248e-08
5.3703e-08    3.165e+07    5.370e-08
5.4954e-08    3.093e+07    5.495e-08
5.6234e-08    3.023e+07    5.623e-08
5.7544e-08    2.954e+07    5.754e-08
5.8884e-08    2.887e+07    5.888e-08
6.0256e-08    2.821e+07    6.026e-08
6.1660e-08    2.757e+07    6.166e-08
6.3096e-08    2.694e+07    6.310e-08
6.4565e-08    2.633e+07    6.457e-08
6.6069e-08    2.573e+07    6.607e-08
6.7608e-08    2.514e+07    6.761e-08
6.9183e-08    2.457e+07    6.918e-08
7.0795e-08    2.401e+07    7.079e-08
7.2444e-08    2.346e+07    7.244e-08
7.4131e-08    2.293e+07    7.413e-08
7.5858e-08    2.241e+07    7.586e-08
7.7625e-08    2.190e+07    7.762e-08
7.9433e-08    2.140e+07    7.943e-08
8.1283e-08    2.091e+07    8.128e-08
8.3176e-08    2.043e+07    8.318e-08
8.5114e-08    1.997e+07    8.511e-08
8.7096e-08    1.951e+07    8.710e-08
8.9125e-08    1.907e+07    8.913e-08
9.1201e-08    1.864e+07    9.120e-08
9.3325e-08    1.821e+07    9.333e-08
9.5499e-08    1.780e+07    9.550e-08
9.7724e-08    1.739e+07    9.772e-08
1.0000e-07    1.700e+07    1.000e-07
1.0233e-07    1.661e+07    1.023e-07
1.0471e-07    1.623e+07    1.047e-07
1.0715e-07    1.586e+07    1.072e-07
1.0965e-07    1.550e+07    1.096e-07
1.1220e-07    1.515e+07    1.122e-07
1.1482e-07    1.480e+07    1.148e-07
1.1749e-07    1.446e+07    1.175e-07
1.2023e-07    1.414e+07    1.202e-07
1.2303e-07    1.381e+07    1.230e-07
1.2589e-07    1.350e+07    1.259e-07
1.2882e-07    1.319e+07    1.288e-07
1.3183e-07    1.289e+07    1.318e-07
1.3490e-07    1.260e+07    1.349e-07
1.3804e-07    1.231e+07    1.380e-07
1.4125e-07    1.203e+07    1.413e-07
1.4454e-07    1.176e+07    1.445e-07
1.4791e-07    1.149e+07    1.479e-07
1.5136e-07    1.123e+07    1.514e-07
1.5488e-07    1.097e+07    1.549e-07
1.5849e-07    1.072e+07    1.585e-07
1.6218e-07    1.048e+07    1.622e-07
1.6596e-07    1.024e+07    1.660e-07
1.6982e-07    1.001e+07    1.698e-07
1.7378e-07    9.782e+06    1.738e-07
1.7783e-07    9.559e+06    1.778e-07
1.8197e-07    9.342e+06    1.820e-07
1.8621e-07    9.129e+06    1.862e-07
1.9055e-07    8.921e+06    1.905e-07
1.9498e-07    8.718e+06    1.950e-07
1.9953e-07    8.520e+06    1.995e-07
2.0417e-07    8.326e+06    2.042e-07
2.0893e-07    8.136e+06    2.089e-07
2.1380e-07    7.951e+06    2.138e-07
2.1878e-07    7.770e+06    2.188e-07
2.2387e-07    7.593e+06    2.239e-07
2.2909e-07    7.420e+06    2.291e-07
2.3442e-07    7.251e+06    2.344e-07
2.3988e-07    7.086e+06    2.399e-07
2.4547e-07    6.925e+06    2.455e-07
2.5119e-07    6.767e+06    2.512e-07
2.5704e-07    6.613e+06    2.570e-07
2.6303e-07    6.463e+06    2.630e-07
2.6915e-07    6.316e+06    2.692e-07
2.7542e-07    6.172e+06    2.754e-07
2.8184e-07    6.031e+06    2.818e-07
2.8840e-07    5.894e+06    2.884e-07
2.9512e-07    5.760e+06    2.951e-07
3.0200e-07    5.629e+06    3.020e-07
3.0903e-07    5.501e+06    3.090e-07
3.1623e-07    5.375e+06    3.162e-07
3.2359e-07    5.253e+06    3.236e-07
3.3113e-07    5.133e+06    3.311e-07
3.3884e-07    5.017e+06    3.388e-07
3.4674e-07    4.902e+06    3.467e-07
3.5481e-07    4.791e+06    3.548e-07
3.6308e-07    4.682e+06    3.631e-07
3.7154e-07    4.575e+06    3.715e-07
3.8019e-07    4.471e+06    3.802e-07
3.8905e-07    4.369e+06    3.890e-07
3.9811e-07    4.270e+06    3.981e-07
4.0738e-07    4.173e+06    4.074e-07
4.1687e-07    4.078e+06    4.169e-07
4.2658e-07    3.985e+06    4.266e-07
4.3652e-07    3.894e+06    4.365e-07
4.4668e-07    3.805e+06    4.467e-07
4.5709e-07    3.719e+06    4.571e-07
4.6774e-07    3.634e+06    4.677e-07
4.7863e-07    3.551e+06    4.786e-07
4.8978e-07    3.471e+06    4.898e-07
5.0119e-07    3.391e+06    5.012e-07
5.1286e-07    3.314e+06    5.129e-07
5.2481e-07    3.239e+06    5.248e-07
5.3703e-07    3.165e+06    5.370e-07
5.4954e-07    3.093e+06    5.495e-07
5.6234e-07    3.023e+06    5.623e-07
5.7544e-07    2.954e+06    5.754e-07
5.8884e-07    2.887e+06    5.888e-07
6.0256e-07    2.821e+06    6.026e-07
6.1660e-07    2.757e+06    6.166e-07
6.3096e-07    2.694e+06    6.310e-07
6.4565e-07    2.633e+06    6.457e-07
6.6069e-07    2.573e+06    6.607e-07
6.7608e-07    2.514e+06    6.761e-07
6.9183e-07    2.457e+06    6.918e-07
7.0795e-07    2.401e+06    7.079e-07
7.2444e-07    2.346e+06    7.244e-07
7.4131e-07    2.293e+06    7.413e-07
7.5858e-07    2.241e+06    7.586e-07
7.7625e-07    2.190e+06    7.762e-07
7.9433e-07    2.140e+06    7.943e-07
8.1283e-07    2.091e+06    8.128e-07
8.3176e-07    2.043e+06    8.318e-07
8.5114e-07    1.997e+06    8.511e-07
8.7096e-07    1.951e+06    8.710e-07
8.9125e-07    1.907e+06    8.913e-07
9.1201e-07    1.864e+06    9.120e-07
9.3325e-07    1.821e+06    9.333e-07
9.5499e-07    1.780e+06    9.550e-07
9.7724e-07    1.739e+06    9.772e-07
1.0000e-06    1.700e+06    1.000e-06
1.0233e-06    1.661e+06    1.023e-06
1.0471e-06    1.623e+06    1.047e-06
1.0715e-06    1.586e+06    1.072e-06
1.0965e-06    1.550e+06    1.096e-06
1.1220e-06    1.515e+06    1.122e-06
1.1482e-06    1.480e+06    1.148e-06
1.1749e-06    1.446e+06    1.175e-06
1.2023e-06    1.414e+06    1.202e-06
1.2303e-06    1.381e+06    1.230e-06
1.2589e-06    1.350e+06    1.259e-06
1.2882e-06    1.319e+06    1.288e-06
1.3183e-06    1.289e+06    1.318e-06
1.3490e-06    1.260e+06    1.349e-06
1.3804e-06    1.231e+06    1.380e-06
1.4125e-06    1.203e+06    1.413e-06
1.4454e-06    1.176e+06    1.445e-06
1.4791e-06    1.149e+06    1.479e-06
1.5136e-06    1.123e+06    1.514e-06
1.5488e-06    1.097e+06    1.549e-06
1.5849e-06    1.072e+06    1.585e-06
1.6218e-06    1.048e+06    1.622e-06
1.6596e-06    1.024e+06    1.660e-06
1.6982e-06    1.001e+06    1.698e-06
1.7378e-06    9.782e+05    1.738e-06
1.7783e-06    9.559e+05    1.778e-06
1.8197e-06    9.342e+05    1.820e-06
1.8621e-06    9.129e+05    1.862e-06
1.9055e-06    8.921e+05    1.905e-06
1.9498e-06    8.718e+05    1.950e-06
1.9953e-06    8.520e+05    1.995e-06
2.0417e-06    8.326e+05    2.042e-06
2.0893e-06    8.136e+05    2.089e-06
2.1380e-06    7.951e+05    2.138e-06
2.1878e-06    7.770e+05    2.188e-06
2.2387e-06    7.593e+05    2.239e-06
2.2909e-06    7.420e+05    2.291e-06
2.3442e-06    7.251e+05    2.344e-06
2.3988e-06    7.086e+05    2.399e-06
2.4547e-06    6.925e+05    2.455e-06
2.5119e-06    6.767e+05    2.512e-06
2.5704e-06    6.613e+05    2.570e-06
2.6303e-06    6.463e+05    2.630e-06
2.6915e-06    6.316e+05    2.692e-06
2.7542e-06    6.172e+05    2.754e-06
2.8184e-06    6.031e+05    2.818e-06
2.8840e-06    5.894e+05    2.884e-06
2.9512e-06    5.760e+05    2.951e-06
3.0200e-06    5.629e+05    3.020e-06
3.0903e-06    5.501e+05    3.090e-06
3.1623e-06    5.375e+05    3.162e-06
3.2359e-06    5.253e+05    3.236e-06
3.3113e-06    5.133e+05    3.311e-06
3.3884e-06    5.017e+05    3.388e-06
3.4674e-06    4.902e+05    3.467e-06
3.5481e-06    4.791e+05    3.548e-06
3.6308e-06    4.682e+05    3.631e-06
3.7154e-06    4.575e+05    3.715e-06
3.8019e-06    4.471e+05    3.802e-06
3.8905e-06    4.369e+05    3.890e-06
3.9811e-06    4.270e+05    3.981e-06
4.0738e-06    4.173e+05    4.074e-06
4.1687e-06    4.078e+05    4.169e-06
4.2658e-06    3.985e+05    4.266e-06
4.3652e-06    3.894e+05    4.365e-06
4.4668e-06    3.805e+05    4.467e-06
4.5709e-06    3.719e+05    4.571e-06
4.6774e-06    3.634e+05    4.677e-06
4.7863e-06    3.551e+05    4.786e-06
4.8978e-06    3.471e+05    4.898e-06
5.0119e-06    3.391e+05    5.012e-06
5.1286e-06    3.314e+05    5.129e-06
5.2481e-06    3.239e+05    5.248e-06
5.3703e-06    3.165e+05    5.370e-06
5.4954e-06    3.093e+05    5.495e-06
5.6234e-06    3.023e+05    5.623e-06
5.7544e-06    2.954e+05    5.754e-06
5.8884e-06    2.887e+05    5.888e-06
6.0256e-06    2.821e+05    6.026e-06
6.1660e-06    2.757e+05    6.166e-06
6.3096e-06    2.694e+05    6.310e-06
6.4565e-06    2.633e+05    6.457e-06
6.6069e-06    2.573e+05    6.607e-06
6.7608e-06    2.514e+05    6.761e-06
6.9183e-06    2.457e+05    6.918e-06
7.0795e-06    2.401e+05    7.079e-06
7.2444e-06    2.346e+05    7.244e-06
7.4131e-06    2.293e+05    7.413e-06
7.5858e-06    2.241e+05    7.586e-06
7.7625e-06    2.190e+05    7.762e-06
7.9433e-06    2.140e+05    7.943e-06
8.1283e-06    2.091e+05    8.128e-06
8.3176e-06    2.043e+05    8.318e-06
8.5114e-06    1.997e+05    8.511e-06
8.7096e-06    1.951e+05    8.710e-06
8.9125e-06    1.907e+05    8.913e-06
9.1201e-06    1.864e+05    9.120e-06
9.3325e-06    1.821e+05    9.333e-06
9.5499e-06    1.780e+05    9.550e-06
9.7724e-06    1.739e+05    9.772e-06
1.0000e-05    1.700e+05    1.000e-05
