volt    param        param
         1/lx8(mp)     -i(mp)
2.00000     2.329e+13    2.058e-12
1.99900     2.268e+13    2.059e-12
1.99800     2.208e+13    2.061e-12
1.99700     2.150e+13    2.062e-12
1.99600     2.093e+13    2.064e-12
1.99500     2.038e+13    2.066e-12
1.99400     1.984e+13    2.067e-12
1.99300     1.932e+13    2.069e-12
1.99200     1.881e+13    2.071e-12
1.99100     1.831e+13    2.073e-12
1.99000     1.783e+13    2.075e-12
1.98900     1.736e+13    2.077e-12
1.98800     1.690e+13    2.079e-12
1.98700     1.645e+13    2.081e-12
1.98600     1.602e+13    2.083e-12
1.98500     1.559e+13    2.085e-12
1.98400     1.518e+13    2.088e-12
1.98300     1.478e+13    2.090e-12
1.98200     1.439e+13    2.092e-12
1.98100     1.401e+13    2.095e-12
1.98000     1.364e+13    2.097e-12
1.97900     1.328e+13    2.100e-12
1.97800     1.293e+13    2.102e-12
1.97700     1.259e+13    2.105e-12
1.97600     1.226e+13    2.108e-12
1.97500     1.193e+13    2.111e-12
1.97400     1.162e+13    2.114e-12
1.97300     1.131e+13    2.117e-12
1.97200     1.101e+13    2.120e-12
1.97100     1.072e+13    2.123e-12
1.97000     1.044e+13    2.127e-12
1.96900     1.016e+13    2.130e-12
1.96800     9.899e+12    2.133e-12
1.96700     9.638e+12    2.137e-12
1.96600     9.383e+12    2.141e-12
1.96500     9.136e+12    2.144e-12
1.96400     8.895e+12    2.148e-12
1.96300     8.660e+12    2.152e-12
1.96200     8.431e+12    2.156e-12
1.96100     8.209e+12    2.160e-12
1.96000     7.992e+12    2.165e-12
1.95900     7.781e+12    2.169e-12
1.95800     7.576e+12    2.174e-12
1.95700     7.376e+12    2.178e-12
1.95600     7.181e+12    2.183e-12
1.95500     6.992e+12    2.188e-12
1.95400     6.807e+12    2.193e-12
1.95300     6.627e+12    2.198e-12
1.95200     6.452e+12    2.204e-12
1.95100     6.282e+12    2.209e-12
1.95000     6.116e+12    2.215e-12
1.94900     5.955e+12    2.221e-12
1.94800     5.798e+12    2.226e-12
1.94700     5.645e+12    2.232e-12
1.94600     5.496e+12    2.239e-12
1.94500     5.351e+12    2.245e-12
1.94400     5.210e+12    2.252e-12
1.94300     5.072e+12    2.258e-12
1.94200     4.938e+12    2.265e-12
1.94100     4.808e+12    2.273e-12
1.94000     4.681e+12    2.280e-12
1.93900     4.557e+12    2.287e-12
1.93800     4.437e+12    2.295e-12
1.93700     4.320e+12    2.303e-12
1.93600     4.206e+12    2.311e-12
1.93500     4.095e+12    2.320e-12
1.93400     3.987e+12    2.328e-12
1.93300     3.882e+12    2.337e-12
1.93200     3.779e+12    2.346e-12
1.93100     3.680e+12    2.355e-12
1.93000     3.582e+12    2.365e-12
1.92900     3.488e+12    2.375e-12
1.92800     3.396e+12    2.385e-12
1.92700     3.306e+12    2.395e-12
1.92600     3.219e+12    2.406e-12
1.92500     3.134e+12    2.417e-12
1.92400     3.051e+12    2.428e-12
1.92300     2.971e+12    2.440e-12
1.92200     2.892e+12    2.452e-12
1.92100     2.816e+12    2.464e-12
1.92000     2.742e+12    2.477e-12
1.91900     2.669e+12    2.489e-12
1.91800     2.599e+12    2.503e-12
1.91700     2.530e+12    2.516e-12
1.91600     2.464e+12    2.530e-12
1.91500     2.398e+12    2.544e-12
1.91400     2.335e+12    2.559e-12
1.91300     2.274e+12    2.574e-12
1.91200     2.214e+12    2.590e-12
1.91100     2.155e+12    2.606e-12
1.91000     2.098e+12    2.622e-12
1.90900     2.043e+12    2.639e-12
1.90800     1.989e+12    2.656e-12
1.90700     1.936e+12    2.674e-12
1.90600     1.885e+12    2.692e-12
1.90500     1.836e+12    2.711e-12
1.90400     1.787e+12    2.730e-12
1.90300     1.740e+12    2.750e-12
1.90200     1.694e+12    2.770e-12
1.90100     1.649e+12    2.791e-12
1.90000     1.606e+12    2.812e-12
1.89900     1.563e+12    2.834e-12
1.89800     1.522e+12    2.857e-12
1.89700     1.482e+12    2.880e-12
1.89600     1.443e+12    2.904e-12
1.89500     1.405e+12    2.928e-12
1.89400     1.368e+12    2.953e-12
1.89300     1.332e+12    2.979e-12
1.89200     1.297e+12    3.006e-12
1.89100     1.262e+12    3.033e-12
1.89000     1.229e+12    3.061e-12
1.88900     1.197e+12    3.089e-12
1.88800     1.165e+12    3.119e-12
1.88700     1.134e+12    3.149e-12
1.88600     1.104e+12    3.180e-12
1.88500     1.075e+12    3.212e-12
1.88400     1.047e+12    3.245e-12
1.88300     1.019e+12    3.279e-12
1.88200     9.926e+11    3.313e-12
1.88100     9.665e+11    3.349e-12
1.88000     9.410e+11    3.385e-12
1.87900     9.161e+11    3.423e-12
1.87800     8.920e+11    3.461e-12
1.87700     8.684e+11    3.501e-12
1.87600     8.455e+11    3.541e-12
1.87500     8.232e+11    3.583e-12
1.87400     8.015e+11    3.626e-12
1.87300     7.804e+11    3.670e-12
1.87200     7.598e+11    3.715e-12
1.87100     7.397e+11    3.762e-12
1.87000     7.202e+11    3.809e-12
1.86900     7.012e+11    3.858e-12
1.86800     6.827e+11    3.909e-12
1.86700     6.647e+11    3.960e-12
1.86600     6.472e+11    4.013e-12
1.86500     6.301e+11    4.068e-12
1.86400     6.135e+11    4.124e-12
1.86300     5.973e+11    4.181e-12
1.86200     5.815e+11    4.241e-12
1.86100     5.662e+11    4.301e-12
1.86000     5.513e+11    4.363e-12
1.85900     5.367e+11    4.428e-12
1.85800     5.226e+11    4.493e-12
1.85700     5.088e+11    4.561e-12
1.85600     4.954e+11    4.630e-12
1.85500     4.823e+11    4.701e-12
1.85400     4.696e+11    4.774e-12
1.85300     4.572e+11    4.849e-12
1.85200     4.451e+11    4.927e-12
1.85100     4.334e+11    5.006e-12
1.85000     4.220e+11    5.087e-12
1.84900     4.108e+11    5.171e-12
1.84800     4.000e+11    5.257e-12
1.84700     3.894e+11    5.345e-12
1.84600     3.792e+11    5.436e-12
1.84500     3.692e+11    5.529e-12
1.84400     3.594e+11    5.624e-12
1.84300     3.500e+11    5.722e-12
1.84200     3.407e+11    5.823e-12
1.84100     3.317e+11    5.927e-12
1.84000     3.230e+11    6.033e-12
1.83900     3.145e+11    6.142e-12
1.83800     3.062e+11    6.254e-12
1.83700     2.981e+11    6.369e-12
1.83600     2.902e+11    6.488e-12
1.83500     2.826e+11    6.609e-12
1.83400     2.751e+11    6.734e-12
1.83300     2.679e+11    6.862e-12
1.83200     2.608e+11    6.994e-12
1.83100     2.539e+11    7.129e-12
1.83000     2.472e+11    7.268e-12
1.82900     2.407e+11    7.411e-12
1.82800     2.344e+11    7.557e-12
1.82700     2.282e+11    7.708e-12
1.82600     2.222e+11    7.862e-12
1.82500     2.163e+11    8.021e-12
1.82400     2.106e+11    8.184e-12
1.82300     2.051e+11    8.352e-12
1.82200     1.997e+11    8.524e-12
1.82100     1.944e+11    8.700e-12
1.82000     1.893e+11    8.882e-12
1.81900     1.843e+11    9.068e-12
1.81800     1.794e+11    9.259e-12
1.81700     1.747e+11    9.456e-12
1.81600     1.701e+11    9.658e-12
1.81500     1.656e+11    9.865e-12
1.81400     1.612e+11    1.008e-11
1.81300     1.570e+11    1.030e-11
1.81200     1.528e+11    1.052e-11
1.81100     1.488e+11    1.075e-11
1.81000     1.449e+11    1.099e-11
1.80900     1.411e+11    1.123e-11
1.80800     1.374e+11    1.148e-11
1.80700     1.337e+11    1.174e-11
1.80600     1.302e+11    1.200e-11
1.80500     1.268e+11    1.227e-11
1.80400     1.234e+11    1.255e-11
1.80300     1.202e+11    1.284e-11
1.80200     1.170e+11    1.313e-11
1.80100     1.139e+11    1.343e-11
1.80000     1.109e+11    1.374e-11
1.79900     1.080e+11    1.406e-11
1.79800     1.052e+11    1.439e-11
1.79700     1.024e+11    1.472e-11
1.79600     9.973e+10    1.507e-11
1.79500     9.710e+10    1.542e-11
1.79400     9.454e+10    1.578e-11
1.79300     9.205e+10    1.616e-11
1.79200     8.962e+10    1.654e-11
1.79100     8.726e+10    1.693e-11
1.79000     8.497e+10    1.734e-11
1.78900     8.273e+10    1.775e-11
1.78800     8.055e+10    1.818e-11
1.78700     7.843e+10    1.862e-11
1.78600     7.636e+10    1.907e-11
1.78500     7.435e+10    1.953e-11
1.78400     7.239e+10    2.000e-11
1.78300     7.048e+10    2.049e-11
1.78200     6.863e+10    2.099e-11
1.78100     6.682e+10    2.151e-11
1.78000     6.506e+10    2.203e-11
1.77900     6.335e+10    2.258e-11
1.77800     6.168e+10    2.313e-11
1.77700     6.006e+10    2.370e-11
1.77600     5.847e+10    2.429e-11
1.77500     5.693e+10    2.489e-11
1.77400     5.544e+10    2.551e-11
1.77300     5.398e+10    2.615e-11
1.77200     5.255e+10    2.680e-11
1.77100     5.117e+10    2.748e-11
1.77000     4.982e+10    2.816e-11
1.76900     4.851e+10    2.887e-11
1.76800     4.723e+10    2.960e-11
1.76700     4.599e+10    3.035e-11
1.76600     4.478e+10    3.111e-11
1.76500     4.360e+10    3.190e-11
1.76400     4.245e+10    3.271e-11
1.76300     4.134e+10    3.354e-11
1.76200     4.025e+10    3.439e-11
1.76100     3.919e+10    3.527e-11
1.76000     3.816e+10    3.617e-11
1.75900     3.715e+10    3.709e-11
1.75800     3.618e+10    3.804e-11
1.75700     3.522e+10    3.902e-11
1.75600     3.430e+10    4.002e-11
1.75500     3.340e+10    4.105e-11
1.75400     3.252e+10    4.210e-11
1.75300     3.166e+10    4.319e-11
1.75200     3.083e+10    4.430e-11
1.75100     3.002e+10    4.545e-11
1.75000     2.923e+10    4.662e-11
1.74900     2.846e+10    4.783e-11
1.74800     2.771e+10    4.907e-11
1.74700     2.698e+10    5.034e-11
1.74600     2.627e+10    5.165e-11
1.74500     2.558e+10    5.299e-11
1.74400     2.491e+10    5.437e-11
1.74300     2.425e+10    5.578e-11
1.74200     2.362e+10    5.724e-11
1.74100     2.299e+10    5.873e-11
1.74000     2.239e+10    6.027e-11
1.73900     2.180e+10    6.184e-11
1.73800     2.123e+10    6.346e-11
1.73700     2.067e+10    6.512e-11
1.73600     2.013e+10    6.683e-11
1.73500     1.960e+10    6.858e-11
1.73400     1.908e+10    7.038e-11
1.73300     1.858e+10    7.223e-11
1.73200     1.809e+10    7.412e-11
1.73100     1.762e+10    7.607e-11
1.73000     1.715e+10    7.807e-11
1.72900     1.670e+10    8.013e-11
1.72800     1.626e+10    8.224e-11
1.72700     1.584e+10    8.441e-11
1.72600     1.542e+10    8.664e-11
1.72500     1.502e+10    8.892e-11
1.72400     1.462e+10    9.127e-11
1.72300     1.424e+10    9.368e-11
1.72200     1.386e+10    9.616e-11
1.72100     1.350e+10    9.870e-11
1.72000     1.314e+10    1.013e-10
1.71900     1.280e+10    1.040e-10
1.71800     1.246e+10    1.068e-10
1.71700     1.214e+10    1.096e-10
1.71600     1.182e+10    1.125e-10
1.71500     1.151e+10    1.155e-10
1.71400     1.120e+10    1.185e-10
1.71300     1.091e+10    1.217e-10
1.71200     1.062e+10    1.249e-10
1.71100     1.035e+10    1.282e-10
1.71000     1.007e+10    1.316e-10
1.70900     9.813e+09    1.351e-10
1.70800     9.556e+09    1.387e-10
1.70700     9.305e+09    1.424e-10
1.70600     9.061e+09    1.462e-10
1.70500     8.824e+09    1.501e-10
1.70400     8.592e+09    1.541e-10
1.70300     8.367e+09    1.582e-10
1.70200     8.148e+09    1.624e-10
1.70100     7.934e+09    1.667e-10
1.70000     7.726e+09    1.712e-10
1.69900     7.523e+09    1.758e-10
1.69800     7.326e+09    1.804e-10
1.69700     7.134e+09    1.853e-10
1.69600     6.947e+09    1.902e-10
1.69500     6.765e+09    1.953e-10
1.69400     6.588e+09    2.005e-10
1.69300     6.415e+09    2.058e-10
1.69200     6.247e+09    2.113e-10
1.69100     6.084e+09    2.170e-10
1.69000     5.924e+09    2.228e-10
1.68900     5.769e+09    2.287e-10
1.68800     5.618e+09    2.348e-10
1.68700     5.471e+09    2.411e-10
1.68600     5.328e+09    2.476e-10
1.68500     5.188e+09    2.542e-10
1.68400     5.053e+09    2.610e-10
1.68300     4.920e+09    2.680e-10
1.68200     4.792e+09    2.751e-10
1.68100     4.666e+09    2.825e-10
1.68000     4.544e+09    2.900e-10
1.67900     4.425e+09    2.978e-10
1.67800     4.310e+09    3.058e-10
1.67700     4.197e+09    3.139e-10
1.67600     4.087e+09    3.223e-10
1.67500     3.980e+09    3.310e-10
1.67400     3.876e+09    3.398e-10
1.67300     3.775e+09    3.489e-10
1.67200     3.676e+09    3.583e-10
1.67100     3.580e+09    3.678e-10
1.67000     3.487e+09    3.777e-10
1.66900     3.396e+09    3.878e-10
1.66800     3.307e+09    3.982e-10
1.66700     3.221e+09    4.088e-10
1.66600     3.136e+09    4.198e-10
1.66500     3.055e+09    4.310e-10
1.66400     2.975e+09    4.426e-10
1.66300     2.897e+09    4.544e-10
1.66200     2.822e+09    4.666e-10
1.66100     2.748e+09    4.791e-10
1.66000     2.676e+09    4.919e-10
1.65900     2.606e+09    5.051e-10
1.65800     2.538e+09    5.186e-10
1.65700     2.472e+09    5.325e-10
1.65600     2.408e+09    5.468e-10
1.65500     2.345e+09    5.614e-10
1.65400     2.284e+09    5.764e-10
1.65300     2.224e+09    5.919e-10
1.65200     2.166e+09    6.077e-10
1.65100     2.110e+09    6.240e-10
1.65000     2.055e+09    6.407e-10
1.64900     2.001e+09    6.578e-10
1.64800     1.949e+09    6.754e-10
1.64700     1.899e+09    6.935e-10
1.64600     1.849e+09    7.121e-10
1.64500     1.801e+09    7.311e-10
1.64400     1.754e+09    7.507e-10
1.64300     1.709e+09    7.708e-10
1.64200     1.664e+09    7.914e-10
1.64100     1.621e+09    8.126e-10
1.64000     1.579e+09    8.343e-10
1.63900     1.538e+09    8.567e-10
1.63800     1.498e+09    8.796e-10
1.63700     1.459e+09    9.031e-10
1.63600     1.421e+09    9.273e-10
1.63500     1.384e+09    9.521e-10
1.63400     1.348e+09    9.775e-10
1.63300     1.313e+09    1.004e-09
1.63200     1.279e+09    1.031e-09
1.63100     1.246e+09    1.058e-09
1.63000     1.213e+09    1.086e-09
1.62900     1.182e+09    1.115e-09
1.62800     1.151e+09    1.145e-09
1.62700     1.121e+09    1.176e-09
1.62600     1.092e+09    1.207e-09
1.62500     1.064e+09    1.239e-09
1.62400     1.036e+09    1.273e-09
1.62300     1.010e+09    1.307e-09
1.62200     9.838e+08    1.341e-09
1.62100     9.583e+08    1.377e-09
1.62000     9.335e+08    1.414e-09
1.61900     9.094e+08    1.452e-09
1.61800     8.858e+08    1.491e-09
1.61700     8.629e+08    1.530e-09
1.61600     8.406e+08    1.571e-09
1.61500     8.189e+08    1.613e-09
1.61400     7.977e+08    1.656e-09
1.61300     7.771e+08    1.700e-09
1.61200     7.571e+08    1.746e-09
1.61100     7.375e+08    1.792e-09
1.61000     7.185e+08    1.840e-09
1.60900     6.999e+08    1.889e-09
1.60800     6.819e+08    1.939e-09
1.60700     6.643e+08    1.991e-09
1.60600     6.472e+08    2.044e-09
1.60500     6.305e+08    2.098e-09
1.60400     6.142e+08    2.154e-09
1.60300     5.984e+08    2.212e-09
1.60200     5.830e+08    2.270e-09
1.60100     5.680e+08    2.331e-09
1.60000     5.534e+08    2.393e-09
1.59900     5.391e+08    2.457e-09
1.59800     5.253e+08    2.522e-09
1.59700     5.118e+08    2.589e-09
1.59600     4.986e+08    2.658e-09
1.59500     4.858e+08    2.728e-09
1.59400     4.733e+08    2.801e-09
1.59300     4.612e+08    2.875e-09
1.59200     4.493e+08    2.952e-09
1.59100     4.378e+08    3.030e-09
1.59000     4.266e+08    3.110e-09
1.58900     4.156e+08    3.193e-09
1.58800     4.050e+08    3.278e-09
1.58700     3.946e+08    3.365e-09
1.58600     3.845e+08    3.454e-09
1.58500     3.747e+08    3.546e-09
1.58400     3.651e+08    3.640e-09
1.58300     3.557e+08    3.736e-09
1.58200     3.466e+08    3.835e-09
1.58100     3.378e+08    3.937e-09
1.58000     3.291e+08    4.041e-09
1.57900     3.207e+08    4.148e-09
1.57800     3.125e+08    4.257e-09
1.57700     3.046e+08    4.370e-09
1.57600     2.968e+08    4.486e-09
1.57500     2.892e+08    4.604e-09
1.57400     2.819e+08    4.726e-09
1.57300     2.747e+08    4.851e-09
1.57200     2.677e+08    4.979e-09
1.57100     2.609e+08    5.111e-09
1.57000     2.542e+08    5.245e-09
1.56900     2.478e+08    5.384e-09
1.56800     2.415e+08    5.526e-09
1.56700     2.353e+08    5.672e-09
1.56600     2.293e+08    5.821e-09
1.56500     2.235e+08    5.975e-09
1.56400     2.178e+08    6.132e-09
1.56300     2.123e+08    6.294e-09
1.56200     2.069e+08    6.459e-09
1.56100     2.017e+08    6.629e-09
1.56000     1.966e+08    6.804e-09
1.55900     1.916e+08    6.983e-09
1.55800     1.868e+08    7.166e-09
1.55700     1.820e+08    7.355e-09
1.55600     1.774e+08    7.548e-09
1.55500     1.730e+08    7.746e-09
1.55400     1.686e+08    7.950e-09
1.55300     1.643e+08    8.158e-09
1.55200     1.602e+08    8.372e-09
1.55100     1.561e+08    8.592e-09
1.55000     1.522e+08    8.817e-09
1.54900     1.484e+08    9.048e-09
1.54800     1.446e+08    9.285e-09
1.54700     1.410e+08    9.528e-09
1.54600     1.375e+08    9.778e-09
1.54500     1.340e+08    1.003e-08
1.54400     1.306e+08    1.030e-08
1.54300     1.274e+08    1.057e-08
1.54200     1.242e+08    1.084e-08
1.54100     1.210e+08    1.112e-08
1.54000     1.180e+08    1.141e-08
1.53900     1.151e+08    1.171e-08
1.53800     1.122e+08    1.202e-08
1.53700     1.094e+08    1.233e-08
1.53600     1.066e+08    1.265e-08
1.53500     1.040e+08    1.298e-08
1.53400     1.014e+08    1.332e-08
1.53300     9.889e+07    1.367e-08
1.53200     9.643e+07    1.402e-08
1.53100     9.402e+07    1.439e-08
1.53000     9.168e+07    1.476e-08
1.52900     8.940e+07    1.514e-08
1.52800     8.718e+07    1.554e-08
1.52700     8.501e+07    1.594e-08
1.52600     8.290e+07    1.635e-08
1.52500     8.085e+07    1.678e-08
1.52400     7.884e+07    1.721e-08
1.52300     7.689e+07    1.766e-08
1.52200     7.498e+07    1.812e-08
1.52100     7.313e+07    1.858e-08
1.52000     7.132e+07    1.906e-08
1.51900     6.956e+07    1.956e-08
1.51800     6.784e+07    2.006e-08
1.51700     6.617e+07    2.058e-08
1.51600     6.454e+07    2.111e-08
1.51500     6.295e+07    2.165e-08
1.51400     6.140e+07    2.221e-08
1.51300     5.989e+07    2.278e-08
1.51200     5.841e+07    2.337e-08
1.51100     5.698e+07    2.397e-08
1.51000     5.558e+07    2.459e-08
1.50900     5.422e+07    2.522e-08
1.50800     5.289e+07    2.587e-08
1.50700     5.159e+07    2.653e-08
1.50600     5.033e+07    2.721e-08
1.50500     4.910e+07    2.791e-08
1.50400     4.790e+07    2.863e-08
1.50300     4.673e+07    2.936e-08
1.50200     4.559e+07    3.011e-08
1.50100     4.448e+07    3.088e-08
1.50000     4.340e+07    3.167e-08
1.49900     4.234e+07    3.248e-08
1.49800     4.131e+07    3.331e-08
1.49700     4.031e+07    3.415e-08
1.49600     3.933e+07    3.503e-08
1.49500     3.838e+07    3.592e-08
1.49400     3.745e+07    3.683e-08
1.49300     3.654e+07    3.777e-08
1.49200     3.566e+07    3.873e-08
1.49100     3.480e+07    3.971e-08
1.49000     3.396e+07    4.072e-08
1.48900     3.314e+07    4.175e-08
1.48800     3.234e+07    4.281e-08
1.48700     3.156e+07    4.390e-08
1.48600     3.080e+07    4.501e-08
1.48500     3.006e+07    4.615e-08
1.48400     2.934e+07    4.731e-08
1.48300     2.863e+07    4.851e-08
1.48200     2.795e+07    4.973e-08
1.48100     2.728e+07    5.099e-08
1.48000     2.662e+07    5.227e-08
1.47900     2.599e+07    5.359e-08
1.47800     2.537e+07    5.494e-08
1.47700     2.476e+07    5.632e-08
1.47600     2.417e+07    5.773e-08
1.47500     2.360e+07    5.918e-08
1.47400     2.303e+07    6.067e-08
1.47300     2.249e+07    6.219e-08
1.47200     2.195e+07    6.375e-08
1.47100     2.143e+07    6.534e-08
1.47000     2.092e+07    6.698e-08
1.46900     2.043e+07    6.865e-08
1.46800     1.994e+07    7.037e-08
1.46700     1.947e+07    7.212e-08
1.46600     1.901e+07    7.392e-08
1.46500     1.856e+07    7.576e-08
1.46400     1.812e+07    7.765e-08
1.46300     1.770e+07    7.958e-08
1.46200     1.728e+07    8.156e-08
1.46100     1.687e+07    8.358e-08
1.46000     1.648e+07    8.566e-08
1.45900     1.609e+07    8.778e-08
1.45800     1.571e+07    8.996e-08
1.45700     1.535e+07    9.218e-08
1.45600     1.499e+07    9.446e-08
1.45500     1.464e+07    9.680e-08
1.45400     1.429e+07    9.919e-08
1.45300     1.396e+07    1.016e-07
1.45200     1.364e+07    1.041e-07
1.45100     1.332e+07    1.067e-07
1.45000     1.301e+07    1.093e-07
1.44900     1.271e+07    1.120e-07
1.44800     1.241e+07    1.148e-07
1.44700     1.212e+07    1.176e-07
1.44600     1.184e+07    1.205e-07
1.44500     1.157e+07    1.234e-07
1.44400     1.130e+07    1.264e-07
1.44300     1.104e+07    1.295e-07
1.44200     1.078e+07    1.327e-07
1.44100     1.053e+07    1.360e-07
1.44000     1.029e+07    1.393e-07
1.43900     1.005e+07    1.427e-07
1.43800     9.828e+06    1.461e-07
1.43700     9.602e+06    1.497e-07
1.43600     9.381e+06    1.533e-07
1.43500     9.166e+06    1.571e-07
1.43400     8.956e+06    1.609e-07
1.43300     8.751e+06    1.648e-07
1.43200     8.551e+06    1.688e-07
1.43100     8.356e+06    1.728e-07
1.43000     8.165e+06    1.770e-07
1.42900     7.979e+06    1.813e-07
1.42800     7.797e+06    1.857e-07
1.42700     7.620e+06    1.902e-07
1.42600     7.447e+06    1.947e-07
1.42500     7.278e+06    1.994e-07
1.42400     7.112e+06    2.042e-07
1.42300     6.951e+06    2.091e-07
1.42200     6.794e+06    2.142e-07
1.42100     6.640e+06    2.193e-07
1.42000     6.490e+06    2.246e-07
1.41900     6.343e+06    2.299e-07
1.41800     6.200e+06    2.354e-07
1.41700     6.060e+06    2.411e-07
1.41600     5.924e+06    2.468e-07
1.41500     5.791e+06    2.527e-07
1.41400     5.661e+06    2.587e-07
1.41300     5.533e+06    2.649e-07
1.41200     5.409e+06    2.712e-07
1.41100     5.288e+06    2.777e-07
1.41000     5.170e+06    2.842e-07
1.40900     5.054e+06    2.910e-07
1.40800     4.941e+06    2.979e-07
1.40700     4.831e+06    3.049e-07
1.40600     4.723e+06    3.122e-07
1.40500     4.618e+06    3.195e-07
1.40400     4.515e+06    3.271e-07
1.40300     4.414e+06    3.348e-07
1.40200     4.316e+06    3.427e-07
1.40100     4.221e+06    3.508e-07
1.40000     4.127e+06    3.590e-07
1.39900     4.035e+06    3.675e-07
1.39800     3.946e+06    3.761e-07
1.39700     3.859e+06    3.849e-07
1.39600     3.774e+06    3.940e-07
1.39500     3.690e+06    4.032e-07
1.39400     3.609e+06    4.126e-07
1.39300     3.529e+06    4.223e-07
1.39200     3.452e+06    4.322e-07
1.39100     3.376e+06    4.422e-07
1.39000     3.302e+06    4.526e-07
1.38900     3.229e+06    4.631e-07
1.38800     3.159e+06    4.739e-07
1.38700     3.089e+06    4.849e-07
1.38600     3.022e+06    4.962e-07
1.38500     2.956e+06    5.077e-07
1.38400     2.891e+06    5.195e-07
1.38300     2.828e+06    5.315e-07
1.38200     2.767e+06    5.438e-07
1.38100     2.707e+06    5.564e-07
1.38000     2.648e+06    5.692e-07
1.37900     2.590e+06    5.823e-07
1.37800     2.534e+06    5.958e-07
1.37700     2.479e+06    6.095e-07
1.37600     2.426e+06    6.235e-07
1.37500     2.373e+06    6.379e-07
1.37400     2.322e+06    6.525e-07
1.37300     2.272e+06    6.675e-07
1.37200     2.223e+06    6.828e-07
1.37100     2.175e+06    6.984e-07
1.37000     2.129e+06    7.144e-07
1.36900     2.083e+06    7.307e-07
1.36800     2.038e+06    7.474e-07
1.36700     1.995e+06    7.644e-07
1.36600     1.952e+06    7.818e-07
1.36500     1.911e+06    7.996e-07
1.36400     1.870e+06    8.178e-07
1.36300     1.830e+06    8.364e-07
1.36200     1.791e+06    8.553e-07
1.36100     1.753e+06    8.747e-07
1.36000     1.716e+06    8.945e-07
1.35900     1.680e+06    9.147e-07
1.35800     1.645e+06    9.354e-07
1.35700     1.610e+06    9.565e-07
1.35600     1.576e+06    9.781e-07
1.35500     1.543e+06    1.000e-06
1.35400     1.511e+06    1.023e-06
1.35300     1.479e+06    1.046e-06
1.35200     1.448e+06    1.069e-06
1.35100     1.418e+06    1.093e-06
1.35000     1.388e+06    1.117e-06
1.34900     1.359e+06    1.142e-06
1.34800     1.331e+06    1.168e-06
1.34700     1.304e+06    1.194e-06
1.34600     1.277e+06    1.220e-06
1.34500     1.250e+06    1.248e-06
1.34400     1.225e+06    1.275e-06
1.34300     1.200e+06    1.304e-06
1.34200     1.175e+06    1.332e-06
1.34100     1.151e+06    1.362e-06
1.34000     1.127e+06    1.392e-06
1.33900     1.104e+06    1.423e-06
1.33800     1.082e+06    1.454e-06
1.33700     1.060e+06    1.486e-06
1.33600     1.039e+06    1.519e-06
1.33500     1.018e+06    1.552e-06
1.33400     9.975e+05    1.586e-06
1.33300     9.775e+05    1.621e-06
1.33200     9.579e+05    1.656e-06
1.33100     9.388e+05    1.692e-06
1.33000     9.201e+05    1.729e-06
1.32900     9.018e+05    1.767e-06
1.32800     8.839e+05    1.805e-06
1.32700     8.664e+05    1.844e-06
1.32600     8.494e+05    1.884e-06
1.32500     8.327e+05    1.925e-06
1.32400     8.163e+05    1.966e-06
1.32300     8.004e+05    2.008e-06
1.32200     7.848e+05    2.051e-06
1.32100     7.695e+05    2.095e-06
1.32000     7.546e+05    2.140e-06
1.31900     7.400e+05    2.186e-06
1.31800     7.257e+05    2.233e-06
1.31700     7.118e+05    2.280e-06
1.31600     6.982e+05    2.329e-06
1.31500     6.849e+05    2.378e-06
1.31400     6.718e+05    2.428e-06
1.31300     6.591e+05    2.480e-06
1.31200     6.466e+05    2.532e-06
1.31100     6.345e+05    2.585e-06
1.31000     6.226e+05    2.639e-06
1.30900     6.109e+05    2.695e-06
1.30800     5.995e+05    2.751e-06
1.30700     5.884e+05    2.809e-06
1.30600     5.775e+05    2.867e-06
1.30500     5.669e+05    2.927e-06
1.30400     5.565e+05    2.987e-06
1.30300     5.463e+05    3.049e-06
1.30200     5.363e+05    3.112e-06
1.30100     5.266e+05    3.176e-06
1.30000     5.171e+05    3.241e-06
1.29900     5.078e+05    3.308e-06
1.29800     4.986e+05    3.375e-06
1.29700     4.897e+05    3.444e-06
1.29600     4.810e+05    3.514e-06
1.29500     4.725e+05    3.586e-06
1.29400     4.642e+05    3.658e-06
1.29300     4.560e+05    3.732e-06
1.29200     4.480e+05    3.807e-06
1.29100     4.402e+05    3.884e-06
1.29000     4.326e+05    3.961e-06
1.28900     4.251e+05    4.041e-06
1.28800     4.178e+05    4.121e-06
1.28700     4.107e+05    4.203e-06
1.28600     4.037e+05    4.286e-06
1.28500     3.968e+05    4.371e-06
1.28400     3.901e+05    4.457e-06
1.28300     3.836e+05    4.545e-06
1.28200     3.771e+05    4.634e-06
1.28100     3.709e+05    4.725e-06
1.28000     3.647e+05    4.817e-06
1.27900     3.587e+05    4.910e-06
1.27800     3.528e+05    5.005e-06
1.27700     3.471e+05    5.102e-06
1.27600     3.414e+05    5.200e-06
1.27500     3.359e+05    5.300e-06
1.27400     3.305e+05    5.401e-06
1.27300     3.252e+05    5.504e-06
1.27200     3.201e+05    5.609e-06
1.27100     3.150e+05    5.715e-06
1.27000     3.100e+05    5.823e-06
1.26900     3.052e+05    5.933e-06
1.26800     3.004e+05    6.044e-06
1.26700     2.958e+05    6.157e-06
1.26600     2.912e+05    6.272e-06
1.26500     2.867e+05    6.389e-06
1.26400     2.824e+05    6.507e-06
1.26300     2.781e+05    6.627e-06
1.26200     2.739e+05    6.749e-06
1.26100     2.698e+05    6.873e-06
1.26000     2.658e+05    6.998e-06
1.25900     2.618e+05    7.126e-06
1.25800     2.580e+05    7.255e-06
1.25700     2.542e+05    7.386e-06
1.25600     2.505e+05    7.519e-06
1.25500     2.468e+05    7.654e-06
1.25400     2.433e+05    7.791e-06
1.25300     2.398e+05    7.930e-06
1.25200     2.364e+05    8.071e-06
1.25100     2.330e+05    8.213e-06
1.25000     2.298e+05    8.358e-06
1.24900     2.265e+05    8.505e-06
1.24800     2.234e+05    8.653e-06
1.24700     2.203e+05    8.804e-06
1.24600     2.173e+05    8.957e-06
1.24500     2.143e+05    9.111e-06
1.24400     2.114e+05    9.268e-06
1.24300     2.085e+05    9.427e-06
1.24200     2.057e+05    9.588e-06
1.24100     2.030e+05    9.751e-06
1.24000     2.003e+05    9.916e-06
1.23900     1.977e+05    1.008e-05
1.23800     1.951e+05    1.025e-05
1.23700     1.925e+05    1.042e-05
1.23600     1.901e+05    1.060e-05
1.23500     1.876e+05    1.077e-05
1.23400     1.852e+05    1.095e-05
1.23300     1.829e+05    1.113e-05
1.23200     1.806e+05    1.132e-05
1.23100     1.783e+05    1.150e-05
1.23000     1.761e+05    1.169e-05
1.22900     1.739e+05    1.188e-05
1.22800     1.718e+05    1.207e-05
1.22700     1.697e+05    1.226e-05
1.22600     1.676e+05    1.246e-05
1.22500     1.656e+05    1.266e-05
1.22400     1.636e+05    1.286e-05
1.22300     1.617e+05    1.306e-05
1.22200     1.598e+05    1.327e-05
1.22100     1.579e+05    1.347e-05
1.22000     1.560e+05    1.368e-05
1.21900     1.542e+05    1.390e-05
1.21800     1.525e+05    1.411e-05
1.21700     1.507e+05    1.433e-05
1.21600     1.490e+05    1.455e-05
1.21500     1.473e+05    1.477e-05
1.21400     1.457e+05    1.499e-05
1.21300     1.441e+05    1.522e-05
1.21200     1.425e+05    1.545e-05
1.21100     1.409e+05    1.568e-05
1.21000     1.394e+05    1.591e-05
1.20900     1.378e+05    1.615e-05
1.20800     1.364e+05    1.639e-05
1.20700     1.349e+05    1.663e-05
1.20600     1.335e+05    1.687e-05
1.20500     1.321e+05    1.712e-05
1.20400     1.307e+05    1.737e-05
1.20300     1.293e+05    1.762e-05
1.20200     1.280e+05    1.787e-05
1.20100     1.267e+05    1.813e-05
1.20000     1.254e+05    1.838e-05
1.19900     1.241e+05    1.864e-05
1.19800     1.228e+05    1.891e-05
1.19700     1.216e+05    1.917e-05
1.19600     1.204e+05    1.944e-05
1.19500     1.192e+05    1.971e-05
1.19400     1.180e+05    1.998e-05
1.19300     1.169e+05    2.026e-05
1.19200     1.158e+05    2.054e-05
1.19100     1.146e+05    2.082e-05
1.19000     1.135e+05    2.110e-05
1.18900     1.125e+05    2.139e-05
1.18800     1.114e+05    2.168e-05
1.18700     1.104e+05    2.197e-05
1.18600     1.093e+05    2.226e-05
1.18500     1.083e+05    2.256e-05
1.18400     1.073e+05    2.285e-05
1.18300     1.064e+05    2.315e-05
1.18200     1.054e+05    2.346e-05
1.18100     1.044e+05    2.376e-05
1.18000     1.035e+05    2.407e-05
1.17900     1.026e+05    2.438e-05
1.17800     1.017e+05    2.470e-05
1.17700     1.008e+05    2.501e-05
1.17600     9.995e+04    2.533e-05
1.17500     9.909e+04    2.565e-05
1.17400     9.824e+04    2.597e-05
1.17300     9.740e+04    2.630e-05
1.17200     9.657e+04    2.663e-05
1.17100     9.576e+04    2.696e-05
1.17000     9.496e+04    2.729e-05
1.16900     9.417e+04    2.763e-05
1.16800     9.339e+04    2.797e-05
1.16700     9.262e+04    2.831e-05
1.16600     9.186e+04    2.865e-05
1.16500     9.112e+04    2.900e-05
1.16400     9.039e+04    2.935e-05
1.16300     8.966e+04    2.970e-05
1.16200     8.895e+04    3.005e-05
1.16100     8.825e+04    3.041e-05
1.16000     8.755e+04    3.077e-05
1.15900     8.687e+04    3.113e-05
1.15800     8.619e+04    3.149e-05
1.15700     8.553e+04    3.186e-05
1.15600     8.488e+04    3.223e-05
1.15500     8.423e+04    3.260e-05
1.15400     8.359e+04    3.297e-05
1.15300     8.296e+04    3.335e-05
1.15200     8.234e+04    3.373e-05
1.15100     8.173e+04    3.411e-05
1.15000     8.113e+04    3.449e-05
1.14900     8.053e+04    3.488e-05
1.14800     7.995e+04    3.527e-05
1.14700     7.937e+04    3.566e-05
1.14600     7.880e+04    3.605e-05
1.14500     7.823e+04    3.645e-05
1.14400     7.768e+04    3.685e-05
1.14300     7.713e+04    3.725e-05
1.14200     7.658e+04    3.765e-05
1.14100     7.605e+04    3.806e-05
1.14000     7.552e+04    3.846e-05
1.13900     7.500e+04    3.888e-05
1.13800     7.448e+04    3.929e-05
1.13700     7.397e+04    3.970e-05
1.13600     7.347e+04    4.012e-05
1.13500     7.298e+04    4.054e-05
1.13400     7.249e+04    4.097e-05
1.13300     7.200e+04    4.139e-05
1.13200     7.153e+04    4.182e-05
1.13100     7.105e+04    4.225e-05
1.13000     7.059e+04    4.268e-05
1.12900     7.013e+04    4.312e-05
1.12800     6.967e+04    4.356e-05
1.12700     6.922e+04    4.400e-05
1.12600     6.878e+04    4.444e-05
1.12500     6.834e+04    4.488e-05
1.12400     6.791e+04    4.533e-05
1.12300     6.748e+04    4.578e-05
1.12200     6.706e+04    4.623e-05
1.12100     6.664e+04    4.669e-05
1.12000     6.622e+04    4.714e-05
1.11900     6.582e+04    4.760e-05
1.11800     6.541e+04    4.806e-05
1.11700     6.501e+04    4.853e-05
1.11600     6.462e+04    4.899e-05
1.11500     6.423e+04    4.946e-05
1.11400     6.384e+04    4.993e-05
1.11300     6.346e+04    5.041e-05
1.11200     6.308e+04    5.088e-05
1.11100     6.271e+04    5.136e-05
1.11000     6.234e+04    5.184e-05
1.10900     6.198e+04    5.232e-05
1.10800     6.161e+04    5.281e-05
1.10700     6.126e+04    5.329e-05
1.10600     6.090e+04    5.378e-05
1.10500     6.055e+04    5.427e-05
1.10400     6.021e+04    5.477e-05
1.10300     5.987e+04    5.526e-05
1.10200     5.953e+04    5.576e-05
1.10100     5.919e+04    5.626e-05
1.10000     5.886e+04    5.677e-05
1.09900     5.853e+04    5.727e-05
1.09800     5.821e+04    5.778e-05
1.09700     5.789e+04    5.829e-05
1.09600     5.757e+04    5.880e-05
1.09500     5.725e+04    5.932e-05
1.09400     5.694e+04    5.983e-05
1.09300     5.663e+04    6.035e-05
1.09200     5.633e+04    6.087e-05
1.09100     5.603e+04    6.140e-05
1.09000     5.573e+04    6.192e-05
1.08900     5.543e+04    6.245e-05
1.08800     5.514e+04    6.298e-05
1.08700     5.485e+04    6.351e-05
1.08600     5.456e+04    6.404e-05
1.08500     5.427e+04    6.458e-05
1.08400     5.399e+04    6.512e-05
1.08300     5.371e+04    6.566e-05
1.08200     5.344e+04    6.620e-05
1.08100     5.316e+04    6.675e-05
1.08000     5.289e+04    6.730e-05
1.07900     5.262e+04    6.785e-05
1.07800     5.235e+04    6.840e-05
1.07700     5.209e+04    6.895e-05
1.07600     5.183e+04    6.951e-05
1.07500     5.157e+04    7.006e-05
1.07400     5.131e+04    7.062e-05
1.07300     5.106e+04    7.119e-05
1.07200     5.081e+04    7.175e-05
1.07100     5.056e+04    7.232e-05
1.07000     5.031e+04    7.289e-05
1.06900     5.006e+04    7.346e-05
1.06800     4.982e+04    7.403e-05
1.06700     4.958e+04    7.461e-05
1.06600     4.934e+04    7.518e-05
1.06500     4.910e+04    7.576e-05
1.06400     4.887e+04    7.634e-05
1.06300     4.863e+04    7.693e-05
1.06200     4.840e+04    7.751e-05
1.06100     4.817e+04    7.810e-05
1.06000     4.795e+04    7.869e-05
1.05900     4.772e+04    7.928e-05
1.05800     4.750e+04    7.987e-05
1.05700     4.728e+04    8.047e-05
1.05600     4.706e+04    8.107e-05
1.05500     4.684e+04    8.167e-05
1.05400     4.662e+04    8.227e-05
1.05300     4.641e+04    8.287e-05
1.05200     4.620e+04    8.348e-05
1.05100     4.599e+04    8.409e-05
1.05000     4.578e+04    8.470e-05
1.04900     4.557e+04    8.531e-05
1.04800     4.536e+04    8.592e-05
1.04700     4.516e+04    8.654e-05
1.04600     4.496e+04    8.716e-05
1.04500     4.476e+04    8.778e-05
1.04400     4.456e+04    8.840e-05
1.04300     4.436e+04    8.902e-05
1.04200     4.416e+04    8.965e-05
1.04100     4.397e+04    9.028e-05
1.04000     4.377e+04    9.091e-05
1.03900     4.358e+04    9.154e-05
1.03800     4.339e+04    9.217e-05
1.03700     4.320e+04    9.281e-05
1.03600     4.302e+04    9.345e-05
1.03500     4.283e+04    9.409e-05
1.03400     4.265e+04    9.473e-05
1.03300     4.246e+04    9.537e-05
1.03200     4.228e+04    9.602e-05
1.03100     4.210e+04    9.667e-05
1.03000     4.192e+04    9.731e-05
1.02900     4.174e+04    9.797e-05
1.02800     4.157e+04    9.862e-05
1.02700     4.139e+04    9.927e-05
1.02600     4.122e+04    9.993e-05
1.02500     4.104e+04    1.006e-04
1.02400     4.087e+04    1.013e-04
1.02300     4.070e+04    1.019e-04
1.02200     4.053e+04    1.026e-04
1.02100     4.036e+04    1.032e-04
1.02000     4.020e+04    1.039e-04
1.01900     4.003e+04    1.046e-04
1.01800     3.987e+04    1.053e-04
1.01700     3.970e+04    1.059e-04
1.01600     3.954e+04    1.066e-04
1.01500     3.938e+04    1.073e-04
1.01400     3.922e+04    1.080e-04
1.01300     3.906e+04    1.086e-04
1.01200     3.890e+04    1.093e-04
1.01100     3.875e+04    1.100e-04
1.01000     3.859e+04    1.107e-04
1.00900     3.844e+04    1.114e-04
1.00800     3.828e+04    1.121e-04
1.00700     3.813e+04    1.128e-04
1.00600     3.798e+04    1.135e-04
1.00500     3.783e+04    1.142e-04
1.00400     3.768e+04    1.149e-04
1.00300     3.753e+04    1.156e-04
1.00200     3.738e+04    1.163e-04
1.00100     3.723e+04    1.170e-04
1.00000     3.709e+04    1.177e-04
0.99900     3.694e+04    1.184e-04
0.99800     3.680e+04    1.191e-04
0.99700     3.666e+04    1.198e-04
0.99600     3.651e+04    1.205e-04
0.99500     3.637e+04    1.212e-04
0.99400     3.623e+04    1.220e-04
0.99300     3.609e+04    1.227e-04
0.99200     3.595e+04    1.234e-04
0.99100     3.582e+04    1.241e-04
0.99000     3.568e+04    1.248e-04
0.98900     3.554e+04    1.256e-04
0.98800     3.541e+04    1.263e-04
0.98700     3.527e+04    1.270e-04
0.98600     3.514e+04    1.277e-04
0.98500     3.501e+04    1.285e-04
0.98400     3.487e+04    1.292e-04
0.98300     3.474e+04    1.300e-04
0.98200     3.461e+04    1.307e-04
0.98100     3.448e+04    1.314e-04
0.98000     3.435e+04    1.322e-04
0.97900     3.423e+04    1.329e-04
0.97800     3.410e+04    1.337e-04
0.97700     3.397e+04    1.344e-04
0.97600     3.384e+04    1.352e-04
0.97500     3.372e+04    1.359e-04
0.97400     3.360e+04    1.367e-04
0.97300     3.347e+04    1.374e-04
0.97200     3.335e+04    1.382e-04
0.97100     3.323e+04    1.389e-04
0.97000     3.310e+04    1.397e-04
0.96900     3.298e+04    1.404e-04
0.96800     3.286e+04    1.412e-04
0.96700     3.274e+04    1.420e-04
0.96600     3.262e+04    1.427e-04
0.96500     3.251e+04    1.435e-04
0.96400     3.239e+04    1.443e-04
0.96300     3.227e+04    1.450e-04
0.96200     3.215e+04    1.458e-04
0.96100     3.204e+04    1.466e-04
0.96000     3.192e+04    1.474e-04
0.95900     3.181e+04    1.481e-04
0.95800     3.170e+04    1.489e-04
0.95700     3.158e+04    1.497e-04
0.95600     3.147e+04    1.505e-04
0.95500     3.136e+04    1.513e-04
0.95400     3.125e+04    1.521e-04
0.95300     3.114e+04    1.528e-04
0.95200     3.103e+04    1.536e-04
0.95100     3.092e+04    1.544e-04
0.95000     3.081e+04    1.552e-04
0.94900     3.070e+04    1.560e-04
0.94800     3.059e+04    1.568e-04
0.94700     3.048e+04    1.576e-04
0.94600     3.038e+04    1.584e-04
0.94500     3.027e+04    1.592e-04
0.94400     3.017e+04    1.600e-04
0.94300     3.006e+04    1.608e-04
0.94200     2.996e+04    1.616e-04
0.94100     2.985e+04    1.624e-04
0.94000     2.975e+04    1.632e-04
0.93900     2.965e+04    1.640e-04
0.93800     2.954e+04    1.649e-04
0.93700     2.944e+04    1.657e-04
0.93600     2.934e+04    1.665e-04
0.93500     2.924e+04    1.673e-04
0.93400     2.914e+04    1.681e-04
0.93300     2.904e+04    1.689e-04
0.93200     2.894e+04    1.698e-04
0.93100     2.884e+04    1.706e-04
0.93000     2.874e+04    1.714e-04
0.92900     2.865e+04    1.722e-04
0.92800     2.855e+04    1.731e-04
0.92700     2.845e+04    1.739e-04
0.92600     2.836e+04    1.747e-04
0.92500     2.826e+04    1.756e-04
0.92400     2.816e+04    1.764e-04
0.92300     2.807e+04    1.772e-04
0.92200     2.797e+04    1.781e-04
0.92100     2.788e+04    1.789e-04
0.92000     2.779e+04    1.798e-04
0.91900     2.769e+04    1.806e-04
0.91800     2.760e+04    1.815e-04
0.91700     2.751e+04    1.823e-04
0.91600     2.742e+04    1.831e-04
0.91500     2.733e+04    1.840e-04
0.91400     2.724e+04    1.849e-04
0.91300     2.714e+04    1.857e-04
0.91200     2.705e+04    1.866e-04
0.91100     2.697e+04    1.874e-04
0.91000     2.688e+04    1.883e-04
0.90900     2.679e+04    1.891e-04
0.90800     2.670e+04    1.900e-04
0.90700     2.661e+04    1.909e-04
0.90600     2.652e+04    1.917e-04
0.90500     2.644e+04    1.926e-04
0.90400     2.635e+04    1.935e-04
0.90300     2.626e+04    1.943e-04
0.90200     2.618e+04    1.952e-04
0.90100     2.609e+04    1.961e-04
0.90000     2.601e+04    1.969e-04
0.89900     2.592e+04    1.978e-04
0.89800     2.584e+04    1.987e-04
0.89700     2.575e+04    1.996e-04
0.89600     2.567e+04    2.004e-04
0.89500     2.559e+04    2.013e-04
0.89400     2.551e+04    2.022e-04
0.89300     2.542e+04    2.031e-04
0.89200     2.534e+04    2.040e-04
0.89100     2.526e+04    2.049e-04
0.89000     2.518e+04    2.058e-04
0.88900     2.510e+04    2.066e-04
0.88800     2.502e+04    2.075e-04
0.88700     2.494e+04    2.084e-04
0.88600     2.486e+04    2.093e-04
0.88500     2.478e+04    2.102e-04
0.88400     2.470e+04    2.111e-04
0.88300     2.462e+04    2.120e-04
0.88200     2.454e+04    2.129e-04
0.88100     2.446e+04    2.138e-04
0.88000     2.439e+04    2.147e-04
0.87900     2.431e+04    2.156e-04
0.87800     2.423e+04    2.165e-04
0.87700     2.415e+04    2.174e-04
0.87600     2.408e+04    2.184e-04
0.87500     2.400e+04    2.193e-04
0.87400     2.393e+04    2.202e-04
0.87300     2.385e+04    2.211e-04
0.87200     2.378e+04    2.220e-04
0.87100     2.370e+04    2.229e-04
0.87000     2.363e+04    2.239e-04
0.86900     2.355e+04    2.248e-04
0.86800     2.348e+04    2.257e-04
0.86700     2.341e+04    2.266e-04
0.86600     2.333e+04    2.275e-04
0.86500     2.326e+04    2.285e-04
0.86400     2.319e+04    2.294e-04
0.86300     2.311e+04    2.303e-04
0.86200     2.304e+04    2.313e-04
0.86100     2.297e+04    2.322e-04
0.86000     2.290e+04    2.331e-04
0.85900     2.283e+04    2.341e-04
0.85800     2.276e+04    2.350e-04
0.85700     2.269e+04    2.359e-04
0.85600     2.262e+04    2.369e-04
0.85500     2.255e+04    2.378e-04
0.85400     2.248e+04    2.388e-04
0.85300     2.241e+04    2.397e-04
0.85200     2.234e+04    2.406e-04
0.85100     2.227e+04    2.416e-04
0.85000     2.220e+04    2.425e-04
0.84900     2.213e+04    2.435e-04
0.84800     2.207e+04    2.444e-04
0.84700     2.200e+04    2.454e-04
0.84600     2.193e+04    2.464e-04
0.84500     2.187e+04    2.473e-04
0.84400     2.180e+04    2.483e-04
0.84300     2.173e+04    2.492e-04
0.84200     2.167e+04    2.502e-04
0.84100     2.160e+04    2.511e-04
0.84000     2.153e+04    2.521e-04
0.83900     2.147e+04    2.531e-04
0.83800     2.140e+04    2.540e-04
0.83700     2.134e+04    2.550e-04
0.83600     2.127e+04    2.560e-04
0.83500     2.121e+04    2.569e-04
0.83400     2.115e+04    2.579e-04
0.83300     2.108e+04    2.589e-04
0.83200     2.102e+04    2.599e-04
0.83100     2.096e+04    2.608e-04
0.83000     2.089e+04    2.618e-04
0.82900     2.083e+04    2.628e-04
0.82800     2.077e+04    2.638e-04
0.82700     2.070e+04    2.648e-04
0.82600     2.064e+04    2.657e-04
0.82500     2.058e+04    2.667e-04
0.82400     2.052e+04    2.677e-04
0.82300     2.046e+04    2.687e-04
0.82200     2.040e+04    2.697e-04
0.82100     2.034e+04    2.707e-04
0.82000     2.028e+04    2.717e-04
0.81900     2.022e+04    2.727e-04
0.81800     2.016e+04    2.737e-04
0.81700     2.010e+04    2.747e-04
0.81600     2.004e+04    2.756e-04
0.81500     1.998e+04    2.766e-04
0.81400     1.992e+04    2.776e-04
0.81300     1.986e+04    2.786e-04
0.81200     1.980e+04    2.796e-04
0.81100     1.974e+04    2.807e-04
0.81000     1.968e+04    2.817e-04
0.80900     1.962e+04    2.827e-04
0.80800     1.957e+04    2.837e-04
0.80700     1.951e+04    2.847e-04
0.80600     1.945e+04    2.857e-04
0.80500     1.939e+04    2.867e-04
0.80400     1.934e+04    2.877e-04
0.80300     1.928e+04    2.887e-04
0.80200     1.922e+04    2.897e-04
0.80100     1.917e+04    2.908e-04
0.80000     1.911e+04    2.918e-04
0.79900     1.906e+04    2.928e-04
0.79800     1.900e+04    2.938e-04
0.79700     1.894e+04    2.949e-04
0.79600     1.889e+04    2.959e-04
0.79500     1.883e+04    2.969e-04
0.79400     1.878e+04    2.979e-04
0.79300     1.872e+04    2.990e-04
0.79200     1.867e+04    3.000e-04
0.79100     1.862e+04    3.010e-04
0.79000     1.856e+04    3.020e-04
0.78900     1.851e+04    3.031e-04
0.78800     1.845e+04    3.041e-04
0.78700     1.840e+04    3.052e-04
0.78600     1.835e+04    3.062e-04
0.78500     1.829e+04    3.072e-04
0.78400     1.824e+04    3.083e-04
0.78300     1.819e+04    3.093e-04
0.78200     1.814e+04    3.104e-04
0.78100     1.808e+04    3.114e-04
0.78000     1.803e+04    3.124e-04
0.77900     1.798e+04    3.135e-04
0.77800     1.793e+04    3.145e-04
0.77700     1.788e+04    3.156e-04
0.77600     1.782e+04    3.166e-04
0.77500     1.777e+04    3.177e-04
0.77400     1.772e+04    3.187e-04
0.77300     1.767e+04    3.198e-04
0.77200     1.762e+04    3.209e-04
0.77100     1.757e+04    3.219e-04
0.77000     1.752e+04    3.230e-04
0.76900     1.747e+04    3.240e-04
0.76800     1.742e+04    3.251e-04
0.76700     1.737e+04    3.262e-04
0.76600     1.732e+04    3.272e-04
0.76500     1.727e+04    3.283e-04
0.76400     1.722e+04    3.294e-04
0.76300     1.717e+04    3.304e-04
0.76200     1.712e+04    3.315e-04
0.76100     1.708e+04    3.326e-04
0.76000     1.703e+04    3.336e-04
0.75900     1.698e+04    3.347e-04
0.75800     1.693e+04    3.358e-04
0.75700     1.688e+04    3.369e-04
0.75600     1.684e+04    3.379e-04
0.75500     1.679e+04    3.390e-04
0.75400     1.674e+04    3.401e-04
0.75300     1.669e+04    3.412e-04
0.75200     1.665e+04    3.422e-04
0.75100     1.660e+04    3.433e-04
0.75000     1.655e+04    3.444e-04
0.74900     1.651e+04    3.455e-04
0.74800     1.646e+04    3.466e-04
0.74700     1.641e+04    3.477e-04
0.74600     1.637e+04    3.488e-04
0.74500     1.632e+04    3.499e-04
0.74400     1.627e+04    3.509e-04
0.74300     1.623e+04    3.520e-04
0.74200     1.618e+04    3.531e-04
0.74100     1.614e+04    3.542e-04
0.74000     1.609e+04    3.553e-04
0.73900     1.605e+04    3.564e-04
0.73800     1.600e+04    3.575e-04
0.73700     1.596e+04    3.586e-04
0.73600     1.591e+04    3.597e-04
0.73500     1.587e+04    3.608e-04
0.73400     1.582e+04    3.619e-04
0.73300     1.578e+04    3.630e-04
0.73200     1.574e+04    3.641e-04
0.73100     1.569e+04    3.653e-04
0.73000     1.565e+04    3.664e-04
0.72900     1.561e+04    3.675e-04
0.72800     1.556e+04    3.686e-04
0.72700     1.552e+04    3.697e-04
0.72600     1.548e+04    3.708e-04
0.72500     1.543e+04    3.719e-04
0.72400     1.539e+04    3.730e-04
0.72300     1.535e+04    3.742e-04
0.72200     1.530e+04    3.753e-04
0.72100     1.526e+04    3.764e-04
0.72000     1.522e+04    3.775e-04
0.71900     1.518e+04    3.786e-04
0.71800     1.514e+04    3.798e-04
0.71700     1.509e+04    3.809e-04
0.71600     1.505e+04    3.820e-04
0.71500     1.501e+04    3.832e-04
0.71400     1.497e+04    3.843e-04
0.71300     1.493e+04    3.854e-04
0.71200     1.489e+04    3.865e-04
0.71100     1.485e+04    3.877e-04
0.71000     1.480e+04    3.888e-04
0.70900     1.476e+04    3.899e-04
0.70800     1.472e+04    3.911e-04
0.70700     1.468e+04    3.922e-04
0.70600     1.464e+04    3.934e-04
0.70500     1.460e+04    3.945e-04
0.70400     1.456e+04    3.956e-04
0.70300     1.452e+04    3.968e-04
0.70200     1.448e+04    3.979e-04
0.70100     1.444e+04    3.991e-04
0.70000     1.440e+04    4.002e-04
0.69900     1.436e+04    4.013e-04
0.69800     1.432e+04    4.025e-04
0.69700     1.429e+04    4.036e-04
0.69600     1.425e+04    4.048e-04
0.69500     1.421e+04    4.059e-04
0.69400     1.417e+04    4.071e-04
0.69300     1.413e+04    4.083e-04
0.69200     1.409e+04    4.094e-04
0.69100     1.405e+04    4.106e-04
0.69000     1.401e+04    4.117e-04
0.68900     1.398e+04    4.129e-04
0.68800     1.394e+04    4.140e-04
0.68700     1.390e+04    4.152e-04
0.68600     1.386e+04    4.164e-04
0.68500     1.383e+04    4.175e-04
0.68400     1.379e+04    4.187e-04
0.68300     1.375e+04    4.198e-04
0.68200     1.371e+04    4.210e-04
0.68100     1.368e+04    4.222e-04
0.68000     1.364e+04    4.233e-04
0.67900     1.360e+04    4.245e-04
0.67800     1.356e+04    4.257e-04
0.67700     1.353e+04    4.269e-04
0.67600     1.349e+04    4.280e-04
0.67500     1.346e+04    4.292e-04
0.67400     1.342e+04    4.304e-04
0.67300     1.338e+04    4.316e-04
0.67200     1.335e+04    4.327e-04
0.67100     1.331e+04    4.339e-04
0.67000     1.327e+04    4.351e-04
0.66900     1.324e+04    4.363e-04
0.66800     1.320e+04    4.375e-04
0.66700     1.317e+04    4.386e-04
0.66600     1.313e+04    4.398e-04
0.66500     1.310e+04    4.410e-04
0.66400     1.306e+04    4.422e-04
0.66300     1.303e+04    4.434e-04
0.66200     1.299e+04    4.446e-04
0.66100     1.296e+04    4.458e-04
0.66000     1.292e+04    4.469e-04
0.65900     1.289e+04    4.481e-04
0.65800     1.285e+04    4.493e-04
0.65700     1.282e+04    4.505e-04
0.65600     1.278e+04    4.517e-04
0.65500     1.275e+04    4.529e-04
0.65400     1.271e+04    4.541e-04
0.65300     1.268e+04    4.553e-04
0.65200     1.265e+04    4.565e-04
0.65100     1.261e+04    4.577e-04
0.65000     1.258e+04    4.589e-04
0.64900     1.255e+04    4.601e-04
0.64800     1.251e+04    4.613e-04
0.64700     1.248e+04    4.625e-04
0.64600     1.244e+04    4.637e-04
0.64500     1.241e+04    4.649e-04
0.64400     1.238e+04    4.661e-04
0.64300     1.235e+04    4.673e-04
0.64200     1.231e+04    4.686e-04
0.64100     1.228e+04    4.698e-04
0.64000     1.225e+04    4.710e-04
0.63900     1.221e+04    4.722e-04
0.63800     1.218e+04    4.734e-04
0.63700     1.215e+04    4.746e-04
0.63600     1.212e+04    4.758e-04
0.63500     1.208e+04    4.771e-04
0.63400     1.205e+04    4.783e-04
0.63300     1.202e+04    4.795e-04
0.63200     1.199e+04    4.807e-04
0.63100     1.196e+04    4.819e-04
0.63000     1.192e+04    4.832e-04
0.62900     1.189e+04    4.844e-04
0.62800     1.186e+04    4.856e-04
0.62700     1.183e+04    4.868e-04
0.62600     1.180e+04    4.881e-04
0.62500     1.177e+04    4.893e-04
0.62400     1.174e+04    4.905e-04
0.62300     1.171e+04    4.917e-04
0.62200     1.167e+04    4.930e-04
0.62100     1.164e+04    4.942e-04
0.62000     1.161e+04    4.954e-04
0.61900     1.158e+04    4.967e-04
0.61800     1.155e+04    4.979e-04
0.61700     1.152e+04    4.991e-04
0.61600     1.149e+04    5.004e-04
0.61500     1.146e+04    5.016e-04
0.61400     1.143e+04    5.028e-04
0.61300     1.140e+04    5.041e-04
0.61200     1.137e+04    5.053e-04
0.61100     1.134e+04    5.066e-04
0.61000     1.131e+04    5.078e-04
0.60900     1.128e+04    5.091e-04
0.60800     1.125e+04    5.103e-04
0.60700     1.122e+04    5.115e-04
0.60600     1.119e+04    5.128e-04
0.60500     1.116e+04    5.140e-04
0.60400     1.113e+04    5.153e-04
0.60300     1.110e+04    5.165e-04
0.60200     1.107e+04    5.178e-04
0.60100     1.104e+04    5.190e-04
0.60000     1.101e+04    5.203e-04
0.59900     1.099e+04    5.215e-04
0.59800     1.096e+04    5.228e-04
0.59700     1.093e+04    5.241e-04
0.59600     1.090e+04    5.253e-04
0.59500     1.087e+04    5.266e-04
0.59400     1.084e+04    5.278e-04
0.59300     1.081e+04    5.291e-04
0.59200     1.078e+04    5.303e-04
0.59100     1.076e+04    5.316e-04
0.59000     1.073e+04    5.329e-04
0.58900     1.070e+04    5.341e-04
0.58800     1.067e+04    5.354e-04
0.58700     1.064e+04    5.367e-04
0.58600     1.062e+04    5.379e-04
0.58500     1.059e+04    5.392e-04
0.58400     1.056e+04    5.405e-04
0.58300     1.053e+04    5.417e-04
0.58200     1.051e+04    5.430e-04
0.58100     1.048e+04    5.443e-04
0.58000     1.045e+04    5.455e-04
0.57900     1.042e+04    5.468e-04
0.57800     1.040e+04    5.481e-04
0.57700     1.037e+04    5.494e-04
0.57600     1.034e+04    5.506e-04
0.57500     1.031e+04    5.519e-04
0.57400     1.029e+04    5.532e-04
0.57300     1.026e+04    5.545e-04
0.57200     1.023e+04    5.557e-04
0.57100     1.021e+04    5.570e-04
0.57000     1.018e+04    5.583e-04
0.56900     1.015e+04    5.596e-04
0.56800     1.013e+04    5.609e-04
0.56700     1.010e+04    5.622e-04
0.56600     1.007e+04    5.634e-04
0.56500     1.005e+04    5.647e-04
0.56400     1.002e+04    5.660e-04
0.56300     1.000e+04    5.673e-04
0.56200     9.974e+03    5.686e-04
0.56100     9.948e+03    5.699e-04
0.56000     9.922e+03    5.712e-04
0.55900     9.896e+03    5.725e-04
0.55800     9.870e+03    5.737e-04
0.55700     9.844e+03    5.750e-04
0.55600     9.819e+03    5.763e-04
0.55500     9.793e+03    5.776e-04
0.55400     9.768e+03    5.789e-04
0.55300     9.742e+03    5.802e-04
0.55200     9.717e+03    5.815e-04
0.55100     9.691e+03    5.828e-04
0.55000     9.666e+03    5.841e-04
0.54900     9.641e+03    5.854e-04
0.54800     9.616e+03    5.867e-04
0.54700     9.591e+03    5.880e-04
0.54600     9.566e+03    5.893e-04
0.54500     9.541e+03    5.906e-04
0.54400     9.516e+03    5.919e-04
0.54300     9.492e+03    5.932e-04
0.54200     9.467e+03    5.945e-04
0.54100     9.442e+03    5.958e-04
0.54000     9.418e+03    5.971e-04
0.53900     9.393e+03    5.985e-04
0.53800     9.369e+03    5.998e-04
0.53700     9.345e+03    6.011e-04
0.53600     9.320e+03    6.024e-04
0.53500     9.296e+03    6.037e-04
0.53400     9.272e+03    6.050e-04
0.53300     9.248e+03    6.063e-04
0.53200     9.224e+03    6.076e-04
0.53100     9.200e+03    6.089e-04
0.53000     9.176e+03    6.103e-04
0.52900     9.152e+03    6.116e-04
0.52800     9.129e+03    6.129e-04
0.52700     9.105e+03    6.142e-04
0.52600     9.081e+03    6.155e-04
0.52500     9.058e+03    6.169e-04
0.52400     9.034e+03    6.182e-04
0.52300     9.011e+03    6.195e-04
0.52200     8.987e+03    6.208e-04
0.52100     8.964e+03    6.221e-04
0.52000     8.941e+03    6.235e-04
0.51900     8.918e+03    6.248e-04
0.51800     8.895e+03    6.261e-04
0.51700     8.872e+03    6.274e-04
0.51600     8.849e+03    6.288e-04
0.51500     8.826e+03    6.301e-04
0.51400     8.803e+03    6.314e-04
0.51300     8.780e+03    6.328e-04
0.51200     8.757e+03    6.341e-04
0.51100     8.734e+03    6.354e-04
0.51000     8.712e+03    6.368e-04
0.50900     8.689e+03    6.381e-04
0.50800     8.667e+03    6.394e-04
0.50700     8.644e+03    6.408e-04
0.50600     8.622e+03    6.421e-04
0.50500     8.600e+03    6.434e-04
0.50400     8.577e+03    6.448e-04
0.50300     8.555e+03    6.461e-04
0.50200     8.533e+03    6.474e-04
0.50100     8.511e+03    6.488e-04
0.50000     8.489e+03    6.501e-04
0.49900     8.467e+03    6.515e-04
0.49800     8.445e+03    6.528e-04
0.49700     8.423e+03    6.541e-04
0.49600     8.401e+03    6.555e-04
0.49500     8.380e+03    6.568e-04
0.49400     8.358e+03    6.582e-04
0.49300     8.336e+03    6.595e-04
0.49200     8.315e+03    6.609e-04
0.49100     8.293e+03    6.622e-04
0.49000     8.272e+03    6.636e-04
0.48900     8.250e+03    6.649e-04
0.48800     8.229e+03    6.663e-04
0.48700     8.208e+03    6.676e-04
0.48600     8.186e+03    6.690e-04
0.48500     8.165e+03    6.703e-04
0.48400     8.144e+03    6.717e-04
0.48300     8.123e+03    6.730e-04
0.48200     8.102e+03    6.744e-04
0.48100     8.081e+03    6.757e-04
0.48000     8.060e+03    6.771e-04
0.47900     8.039e+03    6.784e-04
0.47800     8.018e+03    6.798e-04
0.47700     7.998e+03    6.811e-04
0.47600     7.977e+03    6.825e-04
0.47500     7.956e+03    6.839e-04
0.47400     7.936e+03    6.852e-04
0.47300     7.915e+03    6.866e-04
0.47200     7.895e+03    6.879e-04
0.47100     7.874e+03    6.893e-04
0.47000     7.854e+03    6.907e-04
0.46900     7.833e+03    6.920e-04
0.46800     7.813e+03    6.934e-04
0.46700     7.793e+03    6.948e-04
0.46600     7.773e+03    6.961e-04
0.46500     7.753e+03    6.975e-04
0.46400     7.733e+03    6.989e-04
0.46300     7.712e+03    7.002e-04
0.46200     7.693e+03    7.016e-04
0.46100     7.673e+03    7.030e-04
0.46000     7.653e+03    7.043e-04
0.45900     7.633e+03    7.057e-04
0.45800     7.613e+03    7.071e-04
0.45700     7.593e+03    7.084e-04
0.45600     7.574e+03    7.098e-04
0.45500     7.554e+03    7.112e-04
0.45400     7.534e+03    7.126e-04
0.45300     7.515e+03    7.139e-04
0.45200     7.495e+03    7.153e-04
0.45100     7.476e+03    7.167e-04
0.45000     7.457e+03    7.181e-04
0.44900     7.437e+03    7.194e-04
0.44800     7.418e+03    7.208e-04
0.44700     7.399e+03    7.222e-04
0.44600     7.380e+03    7.236e-04
0.44500     7.360e+03    7.250e-04
0.44400     7.341e+03    7.263e-04
0.44300     7.322e+03    7.277e-04
0.44200     7.303e+03    7.291e-04
0.44100     7.284e+03    7.305e-04
0.44000     7.265e+03    7.319e-04
0.43900     7.247e+03    7.332e-04
0.43800     7.228e+03    7.346e-04
0.43700     7.209e+03    7.360e-04
0.43600     7.190e+03    7.374e-04
0.43500     7.172e+03    7.388e-04
0.43400     7.153e+03    7.402e-04
0.43300     7.134e+03    7.416e-04
0.43200     7.116e+03    7.430e-04
0.43100     7.097e+03    7.443e-04
0.43000     7.079e+03    7.457e-04
0.42900     7.061e+03    7.471e-04
0.42800     7.042e+03    7.485e-04
0.42700     7.024e+03    7.499e-04
0.42600     7.006e+03    7.513e-04
0.42500     6.987e+03    7.527e-04
0.42400     6.969e+03    7.541e-04
0.42300     6.951e+03    7.555e-04
0.42200     6.933e+03    7.569e-04
0.42100     6.915e+03    7.583e-04
0.42000     6.897e+03    7.597e-04
0.41900     6.879e+03    7.611e-04
0.41800     6.861e+03    7.624e-04
0.41700     6.843e+03    7.638e-04
0.41600     6.825e+03    7.652e-04
0.41500     6.807e+03    7.666e-04
0.41400     6.790e+03    7.680e-04
0.41300     6.772e+03    7.694e-04
0.41200     6.754e+03    7.708e-04
0.41100     6.737e+03    7.722e-04
0.41000     6.719e+03    7.736e-04
0.40900     6.702e+03    7.750e-04
0.40800     6.684e+03    7.764e-04
0.40700     6.667e+03    7.779e-04
0.40600     6.649e+03    7.793e-04
0.40500     6.632e+03    7.807e-04
0.40400     6.615e+03    7.821e-04
0.40300     6.597e+03    7.835e-04
0.40200     6.580e+03    7.849e-04
0.40100     6.563e+03    7.863e-04
0.40000     6.546e+03    7.877e-04
0.39900     6.529e+03    7.891e-04
0.39800     6.511e+03    7.905e-04
0.39700     6.494e+03    7.919e-04
0.39600     6.477e+03    7.933e-04
0.39500     6.460e+03    7.947e-04
0.39400     6.444e+03    7.961e-04
0.39300     6.427e+03    7.976e-04
0.39200     6.410e+03    7.990e-04
0.39100     6.393e+03    8.004e-04
0.39000     6.376e+03    8.018e-04
0.38900     6.359e+03    8.032e-04
0.38800     6.343e+03    8.046e-04
0.38700     6.326e+03    8.060e-04
0.38600     6.310e+03    8.075e-04
0.38500     6.293e+03    8.089e-04
0.38400     6.276e+03    8.103e-04
0.38300     6.260e+03    8.117e-04
0.38200     6.243e+03    8.131e-04
0.38100     6.227e+03    8.145e-04
0.38000     6.211e+03    8.160e-04
0.37900     6.194e+03    8.174e-04
0.37800     6.178e+03    8.188e-04
0.37700     6.162e+03    8.202e-04
0.37600     6.145e+03    8.216e-04
0.37500     6.129e+03    8.231e-04
0.37400     6.113e+03    8.245e-04
0.37300     6.097e+03    8.259e-04
0.37200     6.081e+03    8.273e-04
0.37100     6.065e+03    8.287e-04
0.37000     6.049e+03    8.302e-04
0.36900     6.033e+03    8.316e-04
0.36800     6.017e+03    8.330e-04
0.36700     6.001e+03    8.344e-04
0.36600     5.985e+03    8.359e-04
0.36500     5.969e+03    8.373e-04
0.36400     5.954e+03    8.387e-04
0.36300     5.938e+03    8.401e-04
0.36200     5.922e+03    8.416e-04
0.36100     5.906e+03    8.430e-04
0.36000     5.891e+03    8.444e-04
0.35900     5.875e+03    8.459e-04
0.35800     5.859e+03    8.473e-04
0.35700     5.844e+03    8.487e-04
0.35600     5.828e+03    8.501e-04
0.35500     5.813e+03    8.516e-04
0.35400     5.797e+03    8.530e-04
0.35300     5.782e+03    8.544e-04
0.35200     5.767e+03    8.559e-04
0.35100     5.751e+03    8.573e-04
0.35000     5.736e+03    8.587e-04
0.34900     5.721e+03    8.602e-04
0.34800     5.706e+03    8.616e-04
0.34700     5.690e+03    8.630e-04
0.34600     5.675e+03    8.645e-04
0.34500     5.660e+03    8.659e-04
0.34400     5.645e+03    8.673e-04
0.34300     5.630e+03    8.688e-04
0.34200     5.615e+03    8.702e-04
0.34100     5.600e+03    8.716e-04
0.34000     5.585e+03    8.731e-04
0.33900     5.570e+03    8.745e-04
0.33800     5.555e+03    8.760e-04
0.33700     5.540e+03    8.774e-04
0.33600     5.525e+03    8.788e-04
0.33500     5.510e+03    8.803e-04
0.33400     5.496e+03    8.817e-04
0.33300     5.481e+03    8.832e-04
0.33200     5.466e+03    8.846e-04
0.33100     5.451e+03    8.860e-04
0.33000     5.437e+03    8.875e-04
0.32900     5.422e+03    8.889e-04
0.32800     5.408e+03    8.904e-04
0.32700     5.393e+03    8.918e-04
0.32600     5.378e+03    8.932e-04
0.32500     5.364e+03    8.947e-04
0.32400     5.350e+03    8.961e-04
0.32300     5.335e+03    8.976e-04
0.32200     5.321e+03    8.990e-04
0.32100     5.306e+03    9.005e-04
0.32000     5.292e+03    9.019e-04
0.31900     5.278e+03    9.034e-04
0.31800     5.263e+03    9.048e-04
0.31700     5.249e+03    9.062e-04
0.31600     5.235e+03    9.077e-04
0.31500     5.221e+03    9.091e-04
0.31400     5.207e+03    9.106e-04
0.31300     5.192e+03    9.120e-04
0.31200     5.178e+03    9.135e-04
0.31100     5.164e+03    9.149e-04
0.31000     5.150e+03    9.164e-04
0.30900     5.136e+03    9.178e-04
0.30800     5.122e+03    9.193e-04
0.30700     5.108e+03    9.207e-04
0.30600     5.094e+03    9.222e-04
0.30500     5.080e+03    9.236e-04
0.30400     5.067e+03    9.251e-04
0.30300     5.053e+03    9.265e-04
0.30200     5.039e+03    9.280e-04
0.30100     5.025e+03    9.294e-04
0.30000     5.011e+03    9.309e-04
0.29900     4.998e+03    9.323e-04
0.29800     4.984e+03    9.338e-04
0.29700     4.970e+03    9.352e-04
0.29600     4.957e+03    9.367e-04
0.29500     4.943e+03    9.382e-04
0.29400     4.930e+03    9.396e-04
0.29300     4.916e+03    9.411e-04
0.29200     4.902e+03    9.425e-04
0.29100     4.889e+03    9.440e-04
0.29000     4.876e+03    9.454e-04
0.28900     4.862e+03    9.469e-04
0.28800     4.849e+03    9.483e-04
0.28700     4.835e+03    9.498e-04
0.28600     4.822e+03    9.513e-04
0.28500     4.809e+03    9.527e-04
0.28400     4.795e+03    9.542e-04
0.28300     4.782e+03    9.556e-04
0.28200     4.769e+03    9.571e-04
0.28100     4.756e+03    9.585e-04
0.28000     4.742e+03    9.600e-04
0.27900     4.729e+03    9.615e-04
0.27800     4.716e+03    9.629e-04
0.27700     4.703e+03    9.644e-04
0.27600     4.690e+03    9.658e-04
0.27500     4.677e+03    9.673e-04
0.27400     4.664e+03    9.688e-04
0.27300     4.651e+03    9.702e-04
0.27200     4.638e+03    9.717e-04
0.27100     4.625e+03    9.731e-04
0.27000     4.612e+03    9.746e-04
0.26900     4.599e+03    9.761e-04
0.26800     4.586e+03    9.775e-04
0.26700     4.573e+03    9.790e-04
0.26600     4.561e+03    9.804e-04
0.26500     4.548e+03    9.819e-04
0.26400     4.535e+03    9.834e-04
0.26300     4.522e+03    9.848e-04
0.26200     4.510e+03    9.863e-04
0.26100     4.497e+03    9.878e-04
0.26000     4.484e+03    9.892e-04
0.25900     4.472e+03    9.907e-04
0.25800     4.459e+03    9.921e-04
0.25700     4.446e+03    9.936e-04
0.25600     4.434e+03    9.951e-04
0.25500     4.421e+03    9.965e-04
0.25400     4.409e+03    9.980e-04
0.25300     4.396e+03    9.995e-04
0.25200     4.384e+03    1.001e-03
0.25100     4.372e+03    1.002e-03
0.25000     4.359e+03    1.004e-03
0.24900     4.347e+03    1.005e-03
0.24800     4.334e+03    1.007e-03
0.24700     4.322e+03    1.008e-03
0.24600     4.310e+03    1.010e-03
0.24500     4.297e+03    1.011e-03
0.24400     4.285e+03    1.013e-03
0.24300     4.273e+03    1.014e-03
0.24200     4.261e+03    1.016e-03
0.24100     4.249e+03    1.017e-03
0.24000     4.237e+03    1.019e-03
0.23900     4.224e+03    1.020e-03
0.23800     4.212e+03    1.021e-03
0.23700     4.200e+03    1.023e-03
0.23600     4.188e+03    1.024e-03
0.23500     4.176e+03    1.026e-03
0.23400     4.164e+03    1.027e-03
0.23300     4.152e+03    1.029e-03
0.23200     4.140e+03    1.030e-03
0.23100     4.128e+03    1.032e-03
0.23000     4.116e+03    1.033e-03
0.22900     4.105e+03    1.035e-03
0.22800     4.093e+03    1.036e-03
0.22700     4.081e+03    1.038e-03
0.22600     4.069e+03    1.039e-03
0.22500     4.057e+03    1.041e-03
0.22400     4.046e+03    1.042e-03
0.22300     4.034e+03    1.043e-03
0.22200     4.022e+03    1.045e-03
0.22100     4.010e+03    1.046e-03
0.22000     3.999e+03    1.048e-03
0.21900     3.987e+03    1.049e-03
0.21800     3.976e+03    1.051e-03
0.21700     3.964e+03    1.052e-03
0.21600     3.952e+03    1.054e-03
0.21500     3.941e+03    1.055e-03
0.21400     3.929e+03    1.057e-03
0.21300     3.918e+03    1.058e-03
0.21200     3.906e+03    1.060e-03
0.21100     3.895e+03    1.061e-03
0.21000     3.884e+03    1.063e-03
0.20900     3.872e+03    1.064e-03
0.20800     3.861e+03    1.066e-03
0.20700     3.850e+03    1.067e-03
0.20600     3.838e+03    1.068e-03
0.20500     3.827e+03    1.070e-03
0.20400     3.816e+03    1.071e-03
0.20300     3.805e+03    1.073e-03
0.20200     3.793e+03    1.074e-03
0.20100     3.782e+03    1.076e-03
0.20000     3.771e+03    1.077e-03
0.19900     3.760e+03    1.079e-03
0.19800     3.749e+03    1.080e-03
0.19700     3.738e+03    1.082e-03
0.19600     3.727e+03    1.083e-03
0.19500     3.716e+03    1.085e-03
0.19400     3.705e+03    1.086e-03
0.19300     3.694e+03    1.088e-03
0.19200     3.683e+03    1.089e-03
0.19100     3.672e+03    1.091e-03
0.19000     3.661e+03    1.092e-03
0.18900     3.650e+03    1.093e-03
0.18800     3.639e+03    1.095e-03
0.18700     3.628e+03    1.096e-03
0.18600     3.617e+03    1.098e-03
0.18500     3.607e+03    1.099e-03
0.18400     3.596e+03    1.101e-03
0.18300     3.585e+03    1.102e-03
0.18200     3.574e+03    1.104e-03
0.18100     3.564e+03    1.105e-03
0.18000     3.553e+03    1.107e-03
0.17900     3.542e+03    1.108e-03
0.17800     3.532e+03    1.110e-03
0.17700     3.521e+03    1.111e-03
0.17600     3.511e+03    1.113e-03
0.17500     3.500e+03    1.114e-03
0.17400     3.489e+03    1.116e-03
0.17300     3.479e+03    1.117e-03
0.17200     3.469e+03    1.118e-03
0.17100     3.458e+03    1.120e-03
0.17000     3.448e+03    1.121e-03
0.16900     3.437e+03    1.123e-03
0.16800     3.427e+03    1.124e-03
0.16700     3.417e+03    1.126e-03
0.16600     3.406e+03    1.127e-03
0.16500     3.396e+03    1.129e-03
0.16400     3.386e+03    1.130e-03
0.16300     3.375e+03    1.132e-03
0.16200     3.365e+03    1.133e-03
0.16100     3.355e+03    1.135e-03
0.16000     3.345e+03    1.136e-03
0.15900     3.335e+03    1.138e-03
0.15800     3.325e+03    1.139e-03
0.15700     3.315e+03    1.141e-03
0.15600     3.304e+03    1.142e-03
0.15500     3.294e+03    1.143e-03
0.15400     3.284e+03    1.145e-03
0.15300     3.274e+03    1.146e-03
0.15200     3.264e+03    1.148e-03
0.15100     3.255e+03    1.149e-03
0.15000     3.245e+03    1.151e-03
0.14900     3.235e+03    1.152e-03
0.14800     3.225e+03    1.154e-03
0.14700     3.215e+03    1.155e-03
0.14600     3.205e+03    1.157e-03
0.14500     3.195e+03    1.158e-03
0.14400     3.186e+03    1.160e-03
0.14300     3.176e+03    1.161e-03
0.14200     3.166e+03    1.163e-03
0.14100     3.157e+03    1.164e-03
0.14000     3.147e+03    1.166e-03
0.13900     3.137e+03    1.167e-03
0.13800     3.128e+03    1.168e-03
0.13700     3.118e+03    1.170e-03
0.13600     3.109e+03    1.171e-03
0.13500     3.099e+03    1.173e-03
0.13400     3.090e+03    1.174e-03
0.13300     3.080e+03    1.176e-03
0.13200     3.071e+03    1.177e-03
0.13100     3.061e+03    1.179e-03
0.13000     3.052e+03    1.180e-03
0.12900     3.043e+03    1.182e-03
0.12800     3.033e+03    1.183e-03
0.12700     3.024e+03    1.185e-03
0.12600     3.015e+03    1.186e-03
0.12500     3.005e+03    1.187e-03
0.12400     2.996e+03    1.189e-03
0.12300     2.987e+03    1.190e-03
0.12200     2.978e+03    1.192e-03
0.12100     2.969e+03    1.193e-03
0.12000     2.960e+03    1.195e-03
0.11900     2.951e+03    1.196e-03
0.11800     2.941e+03    1.198e-03
0.11700     2.932e+03    1.199e-03
0.11600     2.923e+03    1.201e-03
0.11500     2.914e+03    1.202e-03
0.11400     2.905e+03    1.204e-03
0.11300     2.897e+03    1.205e-03
0.11200     2.888e+03    1.207e-03
0.11100     2.879e+03    1.208e-03
0.11000     2.870e+03    1.209e-03
0.10900     2.861e+03    1.211e-03
0.10800     2.852e+03    1.212e-03
0.10700     2.844e+03    1.214e-03
0.10600     2.835e+03    1.215e-03
0.10500     2.826e+03    1.217e-03
0.10400     2.817e+03    1.218e-03
0.10300     2.809e+03    1.220e-03
0.10200     2.800e+03    1.221e-03
0.10100     2.792e+03    1.223e-03
0.10000     2.783e+03    1.224e-03
9.9000e-02    2.774e+03    1.225e-03
9.8000e-02    2.766e+03    1.227e-03
9.7000e-02    2.757e+03    1.228e-03
9.6000e-02    2.749e+03    1.230e-03
9.5000e-02    2.741e+03    1.231e-03
9.4000e-02    2.732e+03    1.233e-03
9.3000e-02    2.724e+03    1.234e-03
9.2000e-02    2.715e+03    1.236e-03
9.1000e-02    2.707e+03    1.237e-03
9.0000e-02    2.699e+03    1.239e-03
8.9000e-02    2.691e+03    1.240e-03
8.8000e-02    2.682e+03    1.242e-03
8.7000e-02    2.674e+03    1.243e-03
8.6000e-02    2.666e+03    1.244e-03
8.5000e-02    2.658e+03    1.246e-03
8.4000e-02    2.650e+03    1.247e-03
8.3000e-02    2.642e+03    1.249e-03
8.2000e-02    2.633e+03    1.250e-03
8.1000e-02    2.625e+03    1.252e-03
8.0000e-02    2.617e+03    1.253e-03
7.9000e-02    2.609e+03    1.255e-03
7.8000e-02    2.601e+03    1.256e-03
7.7000e-02    2.594e+03    1.257e-03
7.6000e-02    2.586e+03    1.259e-03
7.5000e-02    2.578e+03    1.260e-03
7.4000e-02    2.570e+03    1.262e-03
7.3000e-02    2.562e+03    1.263e-03
7.2000e-02    2.554e+03    1.265e-03
7.1000e-02    2.547e+03    1.266e-03
7.0000e-02    2.539e+03    1.268e-03
6.9000e-02    2.531e+03    1.269e-03
6.8000e-02    2.523e+03    1.271e-03
6.7000e-02    2.516e+03    1.272e-03
6.6000e-02    2.508e+03    1.273e-03
6.5000e-02    2.501e+03    1.275e-03
6.4000e-02    2.493e+03    1.276e-03
6.3000e-02    2.485e+03    1.278e-03
6.2000e-02    2.478e+03    1.279e-03
6.1000e-02    2.470e+03    1.281e-03
6.0000e-02    2.463e+03    1.282e-03
5.9000e-02    2.456e+03    1.284e-03
5.8000e-02    2.448e+03    1.285e-03
5.7000e-02    2.441e+03    1.286e-03
5.6000e-02    2.433e+03    1.288e-03
5.5000e-02    2.426e+03    1.289e-03
5.4000e-02    2.419e+03    1.291e-03
5.3000e-02    2.412e+03    1.292e-03
5.2000e-02    2.404e+03    1.294e-03
5.1000e-02    2.397e+03    1.295e-03
5.0000e-02    2.390e+03    1.297e-03
4.9000e-02    2.383e+03    1.298e-03
4.8000e-02    2.376e+03    1.299e-03
4.7000e-02    2.369e+03    1.301e-03
4.6000e-02    2.362e+03    1.302e-03
4.5000e-02    2.355e+03    1.304e-03
4.4000e-02    2.347e+03    1.305e-03
4.3000e-02    2.341e+03    1.307e-03
4.2000e-02    2.334e+03    1.308e-03
4.1000e-02    2.327e+03    1.309e-03
4.0000e-02    2.320e+03    1.311e-03
3.9000e-02    2.313e+03    1.312e-03
3.8000e-02    2.306e+03    1.314e-03
3.7000e-02    2.299e+03    1.315e-03
3.6000e-02    2.292e+03    1.317e-03
3.5000e-02    2.286e+03    1.318e-03
3.4000e-02    2.279e+03    1.320e-03
3.3000e-02    2.272e+03    1.321e-03
3.2000e-02    2.265e+03    1.322e-03
3.1000e-02    2.259e+03    1.324e-03
3.0000e-02    2.252e+03    1.325e-03
2.9000e-02    2.246e+03    1.327e-03
2.8000e-02    2.239e+03    1.328e-03
2.7000e-02    2.232e+03    1.330e-03
2.6000e-02    2.226e+03    1.331e-03
2.5000e-02    2.219e+03    1.332e-03
2.4000e-02    2.213e+03    1.334e-03
2.3000e-02    2.207e+03    1.335e-03
2.2000e-02    2.200e+03    1.337e-03
2.1000e-02    2.194e+03    1.338e-03
2.0000e-02    2.187e+03    1.340e-03
1.9000e-02    2.181e+03    1.341e-03
1.8000e-02    2.175e+03    1.342e-03
1.7000e-02    2.168e+03    1.344e-03
1.6000e-02    2.162e+03    1.345e-03
1.5000e-02    2.156e+03    1.347e-03
1.4000e-02    2.150e+03    1.348e-03
1.3000e-02    2.144e+03    1.350e-03
1.2000e-02    2.137e+03    1.351e-03
1.1000e-02    2.131e+03    1.352e-03
1.0000e-02    2.125e+03    1.354e-03
9.0000e-03    2.119e+03    1.355e-03
8.0000e-03    2.113e+03    1.357e-03
7.0000e-03    2.107e+03    1.358e-03
6.0000e-03    2.101e+03    1.359e-03
5.0000e-03    2.095e+03    1.361e-03
4.0000e-03    2.089e+03    1.362e-03
3.0000e-03    2.083e+03    1.364e-03
2.0000e-03    2.077e+03    1.365e-03
1.0000e-03    2.071e+03    1.367e-03
0.          2.065e+03    1.368e-03  
